3.255421752929687500e+02
2.565121765136718750e+02
2.798731079101562500e+02
2.646254882812500000e+02
2.865024108886718750e+02
2.527082366943359375e+02
2.651463928222656250e+02
2.398927917480468750e+02
2.506713867187500000e+02
2.332905426025390625e+02
2.507309722900390625e+02
2.505917205810546875e+02
2.721571960449218750e+02
2.725819396972656250e+02
2.785570678710937500e+02
2.631812133789062500e+02
2.412803039550781250e+02
2.844877319335937500e+02
2.877882690429687500e+02
2.944680480957031250e+02
2.348424530029296875e+02
2.378097381591796875e+02
2.378869628906250000e+02
2.755257873535156250e+02
3.139966430664062500e+02
3.256080322265625000e+02
2.941246643066406250e+02
2.640417175292968750e+02
2.485636749267578125e+02
2.783696899414062500e+02
2.540003356933593750e+02
2.577656860351562500e+02
2.518579101562500000e+02
2.860310974121093750e+02
2.883532409667968750e+02
2.558755645751953125e+02
2.871807556152343750e+02
3.065955505371093750e+02
3.407140197753906250e+02
2.961220703125000000e+02
2.915809936523437500e+02
2.890619201660156250e+02
3.151951293945312500e+02
2.898582153320312500e+02
2.862644958496093750e+02
2.557399749755859375e+02
2.469946899414062500e+02
2.302557830810546875e+02
2.250654754638671875e+02
2.649439086914062500e+02
2.708868408203125000e+02
2.845086669921875000e+02
2.705302124023437500e+02
2.781353759765625000e+02
2.633128967285156250e+02
2.961017150878906250e+02
2.846761169433593750e+02
2.793127136230468750e+02
2.294777679443359375e+02
2.509970092773437500e+02
2.548937683105468750e+02
2.671413269042968750e+02
2.411623077392578125e+02
2.366361236572265625e+02
2.431598968505859375e+02
2.763105773925781250e+02
3.261800842285156250e+02
3.037474365234375000e+02
2.815107727050781250e+02
2.394911651611328125e+02
2.341408843994140625e+02
2.269478912353515625e+02
2.311965637207031250e+02
2.636756286621093750e+02
2.653033142089843750e+02
