2.654032897949218750e+02
2.435183563232421875e+02
2.561182861328125000e+02
2.618761596679687500e+02
2.624456176757812500e+02
2.757699279785156250e+02
2.706208496093750000e+02
2.752184753417968750e+02
2.849221191406250000e+02
2.871139526367187500e+02
3.005131835937500000e+02
3.435800170898437500e+02
3.832530212402343750e+02
3.995345764160156250e+02
4.173023376464843750e+02
4.095973510742187500e+02
4.320909118652343750e+02
4.626756286621093750e+02
4.849146423339843750e+02
5.269127807617187500e+02
5.240963134765625000e+02
4.838285217285156250e+02
4.462859497070312500e+02
4.613139648437500000e+02
6.697325439453125000e+02
6.985275878906250000e+02
7.478428344726562500e+02
7.598907470703125000e+02
7.151907958984375000e+02
7.474777221679687500e+02
7.419637451171875000e+02
7.355852661132812500e+02
7.536023559570312500e+02
7.216199340820312500e+02
5.962882080078125000e+02
5.668785400390625000e+02
4.968753051757812500e+02
4.486634826660156250e+02
4.582888793945312500e+02
3.783635864257812500e+02
3.964635009765625000e+02
4.079525756835937500e+02
4.192786560058593750e+02
4.222976074218750000e+02
3.554808959960937500e+02
3.975353698730468750e+02
3.894544982910156250e+02
3.980710449218750000e+02
4.007433471679687500e+02
4.684126586914062500e+02
5.016234436035156250e+02
5.038265991210937500e+02
4.891846313476562500e+02
5.633216552734375000e+02
5.378249511718750000e+02
5.388497314453125000e+02
5.481677856445312500e+02
6.065084228515625000e+02
6.235581054687500000e+02
5.606622924804687500e+02
5.149342041015625000e+02
5.565875244140625000e+02
5.415234375000000000e+02
4.692327270507812500e+02
4.678880004882812500e+02
4.194871520996093750e+02
4.244854125976562500e+02
3.646367187500000000e+02
4.270083618164062500e+02
4.290198669433593750e+02
4.841202087402343750e+02
4.580812988281250000e+02
4.741608276367187500e+02
5.340596923828125000e+02
5.657020874023437500e+02
5.740665283203125000e+02
5.778572998046875000e+02
6.014063720703125000e+02
5.221060180664062500e+02
5.500473022460937500e+02
4.864755249023437500e+02
4.812482299804687500e+02
4.971817321777343750e+02
5.108595275878906250e+02
5.363251953125000000e+02
5.263909912109375000e+02
5.607528076171875000e+02
5.397522583007812500e+02
6.104564208984375000e+02
5.879652709960937500e+02
6.248756103515625000e+02
6.181622314453125000e+02
5.710148925781250000e+02
5.744107666015625000e+02
5.231678466796875000e+02
5.306734619140625000e+02
5.292783203125000000e+02
5.993469238281250000e+02
5.789655151367187500e+02
5.980848999023437500e+02
6.333076171875000000e+02
6.350421142578125000e+02
6.517011108398437500e+02
5.504577636718750000e+02
6.035723876953125000e+02
6.324692382812500000e+02
5.865223388671875000e+02
5.634434204101562500e+02
5.450355224609375000e+02
5.436217651367187500e+02
4.853515014648437500e+02
4.812926635742187500e+02
4.989641113281250000e+02
5.543052978515625000e+02
5.329963378906250000e+02
5.111736755371093750e+02
5.097544860839843750e+02
4.714963989257812500e+02
4.587545471191406250e+02
4.367040405273437500e+02
4.101017456054687500e+02
4.681578979492187500e+02
4.995340881347656250e+02
4.872960510253906250e+02
4.982127990722656250e+02
4.879608764648437500e+02
4.970192260742187500e+02
4.773759155273437500e+02
4.654459838867187500e+02
4.659305114746093750e+02
4.781207580566406250e+02
4.099478454589843750e+02
3.629842224121093750e+02
3.653591918945312500e+02
3.153948669433593750e+02
3.353635253906250000e+02
3.509250488281250000e+02
3.509172973632812500e+02
4.461170959472656250e+02
4.588030700683593750e+02
4.896786193847656250e+02
5.009008789062500000e+02
4.925376892089843750e+02
4.708946228027343750e+02
4.991270446777343750e+02
4.908239135742187500e+02
4.941158752441406250e+02
5.038761596679687500e+02
4.036052856445312500e+02
4.117864379882812500e+02
3.825220642089843750e+02
3.842776489257812500e+02
3.897019958496093750e+02
3.993177185058593750e+02
4.055525207519531250e+02
4.633350219726562500e+02
4.693545532226562500e+02
4.497911682128906250e+02
4.874970092773437500e+02
4.728894653320312500e+02
5.017353515625000000e+02
5.676148681640625000e+02
6.227018432617187500e+02
6.062131347656250000e+02
5.906781005859375000e+02
5.394041748046875000e+02
6.097389526367187500e+02
6.154577026367187500e+02
5.749439697265625000e+02
5.755105590820312500e+02
5.290323486328125000e+02
5.000892639160156250e+02
4.642242736816406250e+02
5.109106445312500000e+02
4.904587402343750000e+02
5.223968505859375000e+02
4.619403686523437500e+02
4.826513061523437500e+02
4.837521057128906250e+02
4.784981384277343750e+02
4.928429565429687500e+02
4.551058654785156250e+02
4.196240844726562500e+02
3.892395629882812500e+02
4.279070739746093750e+02
3.920986938476562500e+02
3.672102050781250000e+02
3.695205993652343750e+02
3.833259887695312500e+02
3.594146423339843750e+02
3.520643310546875000e+02
3.872640686035156250e+02
4.104410095214843750e+02
4.030051879882812500e+02
3.764213562011718750e+02
3.781043090820312500e+02
3.985045776367187500e+02
4.848010864257812500e+02
4.751925659179687500e+02
4.799716796875000000e+02
4.773553771972656250e+02
5.103994140625000000e+02
5.504373168945312500e+02
6.368126220703125000e+02
6.484024047851562500e+02
6.491068725585937500e+02
6.343841552734375000e+02
5.248169555664062500e+02
5.337765502929687500e+02
5.457166137695312500e+02
6.331888427734375000e+02
5.711729125976562500e+02
5.749209594726562500e+02
4.805553283691406250e+02
4.865781860351562500e+02
5.063860473632812500e+02
5.097127380371093750e+02
5.424280395507812500e+02
6.604825439453125000e+02
6.683265380859375000e+02
5.901838989257812500e+02
5.839829101562500000e+02
5.393378295898437500e+02
6.731936035156250000e+02
6.378070068359375000e+02
6.124989013671875000e+02
5.947421264648437500e+02
5.800490112304687500e+02
4.855770568847656250e+02
5.011378479003906250e+02
5.046536254882812500e+02
4.942568359375000000e+02
5.901975708007812500e+02
5.382810058593750000e+02
5.455582275390625000e+02
5.736461181640625000e+02
5.712479248046875000e+02
5.423732910156250000e+02
5.127674560546875000e+02
5.051914062500000000e+02
5.100884399414062500e+02
5.286738891601562500e+02
5.054363403320312500e+02
4.234613342285156250e+02
4.285313415527343750e+02
4.476622009277343750e+02
4.344651794433593750e+02
4.602436523437500000e+02
5.616931762695312500e+02
5.847373046875000000e+02
6.524110717773437500e+02
6.748282470703125000e+02
6.584676513671875000e+02
7.299606933593750000e+02
7.238111572265625000e+02
7.365076904296875000e+02
7.610943603515625000e+02
7.612999267578125000e+02
6.451694335937500000e+02
6.298215942382812500e+02
5.957305908203125000e+02
5.695303344726562500e+02
5.069822692871093750e+02
4.521582031250000000e+02
4.713584899902343750e+02
4.129611816406250000e+02
4.102157287597656250e+02
4.541499938964843750e+02
5.388806152343750000e+02
5.014819335937500000e+02
5.073032226562500000e+02
5.024010314941406250e+02
4.931235961914062500e+02
4.785355529785156250e+02
5.448270263671875000e+02
5.462139892578125000e+02
5.453646240234375000e+02
5.043930664062500000e+02
4.239349060058593750e+02
5.143004760742187500e+02
4.799066772460937500e+02
5.121214599609375000e+02
5.552705688476562500e+02
5.479495849609375000e+02
4.463741149902343750e+02
5.254251708984375000e+02
5.169069213867187500e+02
5.961269531250000000e+02
6.053756103515625000e+02
5.554858398437500000e+02
5.592188720703125000e+02
5.100730590820312500e+02
5.779215698242187500e+02
5.850910034179687500e+02
6.168355712890625000e+02
5.302565917968750000e+02
7.032496948242187500e+02
6.298977050781250000e+02
6.362535400390625000e+02
6.200928955078125000e+02
6.739215087890625000e+02
7.392415771484375000e+02
6.329570312500000000e+02
6.413949584960937500e+02
6.732497558593750000e+02
6.666354980468750000e+02
6.331011962890625000e+02
6.210107421875000000e+02
6.563917846679687500e+02
6.577511596679687500e+02
7.254518432617187500e+02
6.773734741210937500e+02
7.394544067382812500e+02
8.134304809570312500e+02
7.659609985351562500e+02
8.404019775390625000e+02
7.073231201171875000e+02
7.057231445312500000e+02
6.695867919921875000e+02
7.031559448242187500e+02
5.467471923828125000e+02
5.470115356445312500e+02
4.954820251464843750e+02
4.792034301757812500e+02
4.858292846679687500e+02
4.342960510253906250e+02
4.456238708496093750e+02
4.595369262695312500e+02
4.571153259277343750e+02
4.216171264648437500e+02
5.045339355468750000e+02
4.916366577148437500e+02
4.960070800781250000e+02
4.707699584960937500e+02
4.609738159179687500e+02
4.483104858398437500e+02
4.842097778320312500e+02
4.514771118164062500e+02
4.522964782714843750e+02
5.510139770507812500e+02
5.368029174804687500e+02
6.186116943359375000e+02
6.093594360351562500e+02
7.826984252929687500e+02
8.095585937500000000e+02
9.100064697265625000e+02
9.046632690429687500e+02
9.319730224609375000e+02
9.909775390625000000e+02
8.886207885742187500e+02
8.576077270507812500e+02
7.659376220703125000e+02
8.602800903320312500e+02
6.683909912109375000e+02
6.827650146484375000e+02
6.318568725585937500e+02
6.687050781250000000e+02
6.841624755859375000e+02
6.081427612304687500e+02
6.788126831054687500e+02
6.914291992187500000e+02
7.248110961914062500e+02
6.326236572265625000e+02
6.194990844726562500e+02
6.307650756835937500e+02
6.333533935546875000e+02
6.529591064453125000e+02
6.379899291992187500e+02
7.161068115234375000e+02
7.331336059570312500e+02
7.017564697265625000e+02
7.004246826171875000e+02
8.642973632812500000e+02
8.467652587890625000e+02
8.745555419921875000e+02
8.293074340820312500e+02
7.275568237304687500e+02
7.481774291992187500e+02
6.717626342773437500e+02
5.808208618164062500e+02
5.807106933593750000e+02
5.981676635742187500e+02
4.485245666503906250e+02
5.368082885742187500e+02
4.672289123535156250e+02
4.498562622070312500e+02
4.427387695312500000e+02
4.193367309570312500e+02
4.259113159179687500e+02
4.363242797851562500e+02
4.483801269531250000e+02
4.895248107910156250e+02
4.949847106933593750e+02
4.115040893554687500e+02
4.720786132812500000e+02
5.973608398437500000e+02
5.839071044921875000e+02
6.361976318359375000e+02
6.218405151367187500e+02
6.126345214843750000e+02
5.992705688476562500e+02
5.339957885742187500e+02
5.083059082031250000e+02
5.297027587890625000e+02
4.681004943847656250e+02
3.947396240234375000e+02
5.373789062500000000e+02
4.864954528808593750e+02
5.582491455078125000e+02
5.824190063476562500e+02
6.465153198242187500e+02
6.904411621093750000e+02
7.483411865234375000e+02
7.819727783203125000e+02
7.593250732421875000e+02
8.550470581054687500e+02
7.351307373046875000e+02
8.577625122070312500e+02
8.099343872070312500e+02
8.421423950195312500e+02
7.926038818359375000e+02
7.510286865234375000e+02
8.294089965820312500e+02
7.751202392578125000e+02
8.143149414062500000e+02
7.740649414062500000e+02
7.603616943359375000e+02
8.377089843750000000e+02
8.360455932617187500e+02
8.863990478515625000e+02
8.701136474609375000e+02
8.615671997070312500e+02
7.340157470703125000e+02
7.432264404296875000e+02
7.052875366210937500e+02
6.246701049804687500e+02
6.637203369140625000e+02
4.639497070312500000e+02
4.612124023437500000e+02
4.167281188964843750e+02
4.725941772460937500e+02
4.923800354003906250e+02
5.458211669921875000e+02
5.455134277343750000e+02
6.008126831054687500e+02
6.048770751953125000e+02
5.990812988281250000e+02
5.778578491210937500e+02
5.806956176757812500e+02
5.133580322265625000e+02
5.277155151367187500e+02
5.039478454589843750e+02
4.735721130371093750e+02
4.531061096191406250e+02
5.183694458007812500e+02
4.996608886718750000e+02
5.286527709960937500e+02
5.894335937500000000e+02
5.724415283203125000e+02
6.025832519531250000e+02
5.819488525390625000e+02
5.707045898437500000e+02
6.068582153320312500e+02
6.118524169921875000e+02
5.454558715820312500e+02
5.405745849609375000e+02
5.074041442871093750e+02
5.174774780273437500e+02
5.378960571289062500e+02
5.377540893554687500e+02
4.796981506347656250e+02
4.982827148437500000e+02
4.653976135253906250e+02
4.964353942871093750e+02
6.166011352539062500e+02
6.770235595703125000e+02
6.591068115234375000e+02
6.990909423828125000e+02
6.937811279296875000e+02
7.579817504882812500e+02
7.737608642578125000e+02
7.803636474609375000e+02
7.538450317382812500e+02
8.137370605468750000e+02
6.722293090820312500e+02
6.780991821289062500e+02
6.905814208984375000e+02
6.374064331054687500e+02
6.312158813476562500e+02
5.407628173828125000e+02
5.237357177734375000e+02
5.127224121093750000e+02
5.172371215820312500e+02
4.328650512695312500e+02
4.867322387695312500e+02
4.844161682128906250e+02
4.732571411132812500e+02
5.029219665527343750e+02
5.671546630859375000e+02
6.679635009765625000e+02
6.948975219726562500e+02
6.947951049804687500e+02
6.847041015625000000e+02
6.991639404296875000e+02
6.333685913085937500e+02
7.320303955078125000e+02
7.401034545898437500e+02
7.735031738281250000e+02
7.210275878906250000e+02
7.111943359375000000e+02
6.978612060546875000e+02
8.521364135742187500e+02
8.647637939453125000e+02
9.729299926757812500e+02
1.062444702148437500e+03
9.298338623046875000e+02
9.546043701171875000e+02
8.365831909179687500e+02
9.034744873046875000e+02
8.093895874023437500e+02
9.226732177734375000e+02
8.057897338867187500e+02
7.872175903320312500e+02
7.921577148437500000e+02
7.160676269531250000e+02
6.980023803710937500e+02
6.599933471679687500e+02
6.905865478515625000e+02
6.660250244140625000e+02
7.335164794921875000e+02
6.376257934570312500e+02
6.706586914062500000e+02
7.004896850585937500e+02
6.431981201171875000e+02
6.293984985351562500e+02
7.016953735351562500e+02
7.759013061523437500e+02
8.253199462890625000e+02
7.746781005859375000e+02
7.343817138671875000e+02
7.328439331054687500e+02
6.650753173828125000e+02
7.329771728515625000e+02
6.781699218750000000e+02
7.966918334960937500e+02
7.461565551757812500e+02
7.419046020507812500e+02
6.777269287109375000e+02
8.043240966796875000e+02
8.882703247070312500e+02
9.082604370117187500e+02
9.116759643554687500e+02
9.115939331054687500e+02
9.290543212890625000e+02
8.177453002929687500e+02
7.773369140625000000e+02
7.293604736328125000e+02
7.215881958007812500e+02
6.663127441406250000e+02
6.318116455078125000e+02
5.988641357421875000e+02
6.201159057617187500e+02
5.188450927734375000e+02
5.494487304687500000e+02
5.557416992187500000e+02
6.014307250976562500e+02
5.936078491210937500e+02
6.394415893554687500e+02
6.876430664062500000e+02
6.231798095703125000e+02
6.334248046875000000e+02
6.113375244140625000e+02
6.995885009765625000e+02
7.569397583007812500e+02
9.459121093750000000e+02
9.797283325195312500e+02
1.114134033203125000e+03
1.124227661132812500e+03
1.055036499023437500e+03
1.058735107421875000e+03
1.121968872070312500e+03
1.125689575195312500e+03
1.044182861328125000e+03
9.258369140625000000e+02
7.421908569335937500e+02
7.159259643554687500e+02
6.655131225585937500e+02
6.565673217773437500e+02
6.350120239257812500e+02
6.674034423828125000e+02
5.765670166015625000e+02
5.739322509765625000e+02
6.117702026367187500e+02
6.926195678710937500e+02
6.796195678710937500e+02
6.635982666015625000e+02
5.727645874023437500e+02
6.330458984375000000e+02
6.184783935546875000e+02
5.858568115234375000e+02
6.720537719726562500e+02
6.693049926757812500e+02
6.364201049804687500e+02
7.330774536132812500e+02
8.729193115234375000e+02
8.477513427734375000e+02
9.332591552734375000e+02
8.472376708984375000e+02
8.420545043945312500e+02
8.466612548828125000e+02
7.659344482421875000e+02
8.059700927734375000e+02
8.037156372070312500e+02
6.268934326171875000e+02
4.885983276367187500e+02
5.431222534179687500e+02
5.190675048828125000e+02
5.594239501953125000e+02
5.517785034179687500e+02
5.319971313476562500e+02
6.135050659179687500e+02
5.769129028320312500e+02
6.353107299804687500e+02
6.160657348632812500e+02
7.275305786132812500e+02
8.576226806640625000e+02
9.380738525390625000e+02
9.927875976562500000e+02
1.006621704101562500e+03
1.079316772460937500e+03
1.003356750488281250e+03
1.013579589843750000e+03
9.960112304687500000e+02
1.030331787109375000e+03
9.060712890625000000e+02
7.157315063476562500e+02
5.822669677734375000e+02
6.561024169921875000e+02
6.585675048828125000e+02
5.823909912109375000e+02
6.022560424804687500e+02
6.805100097656250000e+02
7.023165283203125000e+02
7.051368408203125000e+02
7.127883911132812500e+02
7.094323730468750000e+02
7.663801269531250000e+02
5.769379882812500000e+02
7.295257568359375000e+02
7.375003662109375000e+02
8.340587768554687500e+02
7.429591064453125000e+02
6.856804199218750000e+02
6.804917602539062500e+02
7.669939575195312500e+02
7.675774536132812500e+02
7.034857788085937500e+02
7.691953125000000000e+02
5.878329467773437500e+02
5.993609619140625000e+02
5.944611816406250000e+02
6.106193237304687500e+02
6.711673583984375000e+02
6.822033081054687500e+02
6.372282104492187500e+02
6.677562255859375000e+02
7.408096923828125000e+02
8.475846557617187500e+02
9.362246093750000000e+02
9.941298828125000000e+02
9.244519653320312500e+02
9.498779296875000000e+02
9.415563354492187500e+02
1.172242675781250000e+03
1.295643920898437500e+03
1.484897827148437500e+03
1.410720458984375000e+03
1.280953125000000000e+03
1.232735839843750000e+03
1.158469604492187500e+03
1.135875244140625000e+03
1.080990844726562500e+03
1.007942504882812500e+03
8.667113037109375000e+02
7.084314575195312500e+02
6.018073120117187500e+02
6.794703369140625000e+02
6.295797729492187500e+02
6.182540283203125000e+02
6.333645629882812500e+02
6.248480224609375000e+02
6.287625122070312500e+02
6.697255859375000000e+02
6.373160400390625000e+02
6.428572998046875000e+02
5.771442260742187500e+02
5.044197387695312500e+02
5.159823608398437500e+02
5.181115112304687500e+02
6.673248291015625000e+02
6.641783447265625000e+02
7.077131958007812500e+02
7.561463623046875000e+02
7.896163330078125000e+02
7.932341308593750000e+02
8.712272338867187500e+02
8.585097656250000000e+02
8.974353637695312500e+02
1.002064575195312500e+03
8.608248901367187500e+02
8.733864135742187500e+02
8.503869018554687500e+02
7.789415893554687500e+02
7.476145629882812500e+02
7.310811767578125000e+02
6.382290649414062500e+02
6.967915039062500000e+02
6.941793212890625000e+02
5.907480468750000000e+02
6.017494506835937500e+02
5.820235595703125000e+02
6.155029296875000000e+02
6.125899047851562500e+02
5.361017456054687500e+02
5.531610107421875000e+02
6.022336425781250000e+02
7.031470947265625000e+02
6.694638671875000000e+02
7.562457885742187500e+02
7.213609619140625000e+02
7.405568847656250000e+02
7.319089355468750000e+02
7.412163085937500000e+02
7.738645019531250000e+02
8.255867309570312500e+02
7.478966064453125000e+02
6.358162841796875000e+02
6.386481933593750000e+02
5.413425903320312500e+02
5.786572875976562500e+02
6.428337402343750000e+02
6.154088134765625000e+02
6.096166992187500000e+02
6.005517578125000000e+02
5.280477294921875000e+02
5.928239746093750000e+02
5.766041259765625000e+02
6.709547119140625000e+02
6.690964965820312500e+02
7.524856567382812500e+02
8.666427612304687500e+02
1.002374328613281250e+03
1.039496826171875000e+03
1.089479125976562500e+03
1.194470458984375000e+03
1.171138549804687500e+03
1.160672607421875000e+03
1.059083129882812500e+03
1.058828369140625000e+03
9.407060546875000000e+02
9.062232666015625000e+02
7.632613525390625000e+02
7.547978515625000000e+02
6.930302124023437500e+02
5.894807128906250000e+02
5.767996215820312500e+02
5.604035034179687500e+02
6.857654418945312500e+02
6.804802856445312500e+02
7.432662353515625000e+02
6.719572143554687500e+02
7.822479858398437500e+02
8.682809448242187500e+02
9.148758544921875000e+02
9.265701293945312500e+02
9.183709716796875000e+02
9.236599731445312500e+02
8.515895385742187500e+02
8.519486083984375000e+02
7.836106567382812500e+02
7.508322143554687500e+02
6.405629272460937500e+02
6.527191162109375000e+02
7.923681640625000000e+02
8.006735229492187500e+02
8.435286254882812500e+02
8.413717651367187500e+02
7.967702636718750000e+02
9.076796875000000000e+02
9.279630737304687500e+02
8.888686523437500000e+02
8.912719726562500000e+02
7.478007202148437500e+02
5.869932861328125000e+02
6.057785644531250000e+02
7.231321411132812500e+02
7.228853759765625000e+02
6.988967285156250000e+02
5.876938476562500000e+02
5.715863037109375000e+02
5.979520263671875000e+02
6.082489013671875000e+02
6.245084838867187500e+02
6.853751220703125000e+02
6.404083251953125000e+02
4.876244506835937500e+02
5.265742797851562500e+02
5.537864990234375000e+02
5.857124633789062500e+02
8.021281738281250000e+02
7.637183837890625000e+02
7.362830200195312500e+02
8.099651489257812500e+02
7.567096557617187500e+02
9.175504150390625000e+02
9.232086791992187500e+02
9.113717041015625000e+02
9.006961059570312500e+02
9.074166870117187500e+02
8.634642333984375000e+02
9.532144775390625000e+02
9.614110107421875000e+02
9.161826171875000000e+02
9.128736572265625000e+02
7.346540527343750000e+02
6.949863891601562500e+02
6.553937988281250000e+02
8.375111083984375000e+02
9.301194458007812500e+02
8.134263916015625000e+02
7.585181274414062500e+02
7.806099243164062500e+02
7.551265869140625000e+02
7.085758666992187500e+02
7.291917114257812500e+02
8.092799072265625000e+02
8.319068603515625000e+02
6.422044677734375000e+02
5.153389892578125000e+02
6.054976806640625000e+02
5.802661132812500000e+02
5.658935546875000000e+02
6.757454833984375000e+02
7.731864013671875000e+02
7.786778564453125000e+02
8.156848144531250000e+02
8.028682861328125000e+02
8.155166015625000000e+02
8.332682495117187500e+02
7.091322021484375000e+02
7.431873168945312500e+02
7.432318115234375000e+02
7.169508056640625000e+02
6.373892822265625000e+02
7.408585205078125000e+02
6.299920654296875000e+02
6.092253417968750000e+02
7.306047973632812500e+02
7.338973388671875000e+02
8.311257934570312500e+02
8.817044067382812500e+02
8.814786376953125000e+02
7.913158569335937500e+02
7.863269042968750000e+02
6.811345825195312500e+02
6.868767700195312500e+02
7.829001464843750000e+02
6.443501586914062500e+02
8.038350830078125000e+02
7.284122314453125000e+02
7.358106079101562500e+02
7.372775878906250000e+02
8.119382324218750000e+02
8.026546630859375000e+02
8.853703002929687500e+02
8.854488525390625000e+02
8.101496582031250000e+02
8.238237304687500000e+02
6.356850585937500000e+02
6.153473510742187500e+02
5.841381835937500000e+02
6.974289550781250000e+02
6.906786499023437500e+02
6.913553466796875000e+02
7.285233764648437500e+02
8.898450927734375000e+02
8.993881835937500000e+02
9.409847412109375000e+02
9.968401489257812500e+02
1.023897766113281250e+03
9.394061279296875000e+02
8.243485107421875000e+02
7.432195434570312500e+02
7.769361572265625000e+02
6.465346069335937500e+02
5.814251098632812500e+02
5.772625732421875000e+02
6.826778564453125000e+02
7.012185668945312500e+02
7.150152587890625000e+02
7.298066406250000000e+02
7.282801513671875000e+02
7.631549682617187500e+02
8.483424072265625000e+02
9.295372314453125000e+02
1.087759521484375000e+03
1.093600341796875000e+03
1.151820312500000000e+03
1.061845458984375000e+03
1.041878295898437500e+03
1.092393066406250000e+03
1.086687500000000000e+03
1.072024658203125000e+03
9.794612426757812500e+02
9.034441528320312500e+02
8.182918701171875000e+02
8.080430908203125000e+02
7.419628906250000000e+02
7.755494384765625000e+02
7.534756469726562500e+02
7.623676757812500000e+02
8.034323730468750000e+02
9.660906372070312500e+02
9.602047119140625000e+02
9.768502197265625000e+02
8.181234130859375000e+02
8.260944213867187500e+02
8.489158935546875000e+02
8.266456909179687500e+02
8.777781372070312500e+02
9.568787231445312500e+02
9.400665283203125000e+02
8.506768798828125000e+02
8.421541137695312500e+02
8.473898315429687500e+02
9.629724731445312500e+02
9.673761596679687500e+02
9.187401123046875000e+02
9.296917724609375000e+02
8.554758911132812500e+02
9.299640502929687500e+02
1.053448852539062500e+03
9.675529174804687500e+02
9.425823974609375000e+02
1.022714965820312500e+03
8.865275268554687500e+02
1.046929443359375000e+03
9.643217773437500000e+02
1.177737060546875000e+03
1.335179931640625000e+03
1.124607910156250000e+03
9.783274536132812500e+02
1.067688964843750000e+03
1.072549560546875000e+03
1.032865478515625000e+03
1.043498168945312500e+03
8.581038818359375000e+02
8.309298095703125000e+02
6.448658447265625000e+02
4.931622924804687500e+02
4.959165954589843750e+02
5.004752502441406250e+02
4.644821166992187500e+02
5.313823242187500000e+02
4.792320251464843750e+02
5.634044189453125000e+02
5.729375610351562500e+02
6.609487304687500000e+02
6.733255615234375000e+02
7.420347900390625000e+02
9.292081298828125000e+02
9.266862182617187500e+02
9.036801757812500000e+02
1.009591979980468750e+03
1.045215454101562500e+03
1.040450195312500000e+03
1.076557373046875000e+03
1.081037841796875000e+03
1.131387817382812500e+03
1.076298339843750000e+03
8.874702148437500000e+02
9.794821166992187500e+02
1.035441650390625000e+03
9.035671997070312500e+02
9.057620849609375000e+02
8.034890136718750000e+02
7.674346313476562500e+02
6.683442382812500000e+02
6.575120849609375000e+02
7.429257812500000000e+02
7.197252807617187500e+02
6.381997680664062500e+02
5.568560791015625000e+02
5.651712646484375000e+02
5.790922241210937500e+02
6.053570556640625000e+02
8.234627685546875000e+02
8.411368408203125000e+02
8.107943115234375000e+02
8.015708007812500000e+02
8.628193359375000000e+02
8.595075073242187500e+02
8.652515869140625000e+02
8.346251831054687500e+02
7.727461547851562500e+02
7.577565307617187500e+02
5.155146484375000000e+02
5.313923339843750000e+02
5.066253967285156250e+02
4.099299926757812500e+02
4.499482421875000000e+02
4.377774047851562500e+02
4.416820373535156250e+02
5.667151489257812500e+02
5.721058349609375000e+02
5.809176025390625000e+02
7.923333740234375000e+02
8.620606689453125000e+02
8.318681640625000000e+02
8.796524658203125000e+02
7.878710937500000000e+02
7.880592041015625000e+02
8.115213623046875000e+02
7.064320678710937500e+02
7.434230957031250000e+02
8.095813598632812500e+02
6.290133056640625000e+02
5.750458984375000000e+02
7.213184814453125000e+02
9.587703857421875000e+02
1.065801025390625000e+03
1.173911376953125000e+03
1.143989868164062500e+03
1.157957519531250000e+03
1.124059326171875000e+03
1.051658813476562500e+03
1.055766357421875000e+03
9.911795043945312500e+02
8.529564208984375000e+02
5.815400390625000000e+02
7.040773315429687500e+02
6.117631835937500000e+02
6.981799926757812500e+02
6.721385498046875000e+02
6.722827148437500000e+02
8.658267822265625000e+02
8.578985595703125000e+02
8.896741943359375000e+02
9.372506713867187500e+02
1.001517211914062500e+03
8.490358276367187500e+02
9.081647338867187500e+02
8.640823364257812500e+02
9.293720703125000000e+02
9.715610351562500000e+02
8.393538818359375000e+02
1.137882568359375000e+03
1.134015258789062500e+03
1.067376586914062500e+03
1.090794555664062500e+03
1.200645507812500000e+03
1.210714843750000000e+03
1.159165283203125000e+03
1.079794311523437500e+03
1.043566894531250000e+03
1.177793334960937500e+03
8.854791259765625000e+02
9.711322021484375000e+02
1.061829956054687500e+03
9.708287353515625000e+02
9.573146362304687500e+02
8.707022705078125000e+02
8.853038330078125000e+02
9.628497314453125000e+02
9.594791259765625000e+02
7.701390380859375000e+02
7.621414794921875000e+02
6.720034790039062500e+02
7.163116455078125000e+02
7.216405639648437500e+02
8.246237182617187500e+02
8.151625976562500000e+02
8.089125976562500000e+02
7.662943115234375000e+02
8.455325927734375000e+02
8.399158935546875000e+02
9.091688232421875000e+02
9.398710937500000000e+02
9.601155395507812500e+02
9.555636596679687500e+02
6.808839111328125000e+02
6.798197021484375000e+02
6.854616088867187500e+02
8.287150268554687500e+02
9.071964111328125000e+02
9.391769409179687500e+02
1.024599365234375000e+03
9.895058593750000000e+02
8.440845947265625000e+02
1.009749145507812500e+03
1.042213745117187500e+03
1.122814575195312500e+03
1.096466552734375000e+03
1.167475952148437500e+03
9.941116943359375000e+02
9.656722412109375000e+02
1.051390869140625000e+03
1.057060424804687500e+03
1.136040039062500000e+03
9.682218017578125000e+02
9.394323120117187500e+02
9.897706298828125000e+02
1.089769287109375000e+03
9.410330810546875000e+02
9.446770629882812500e+02
9.571214599609375000e+02
8.765691528320312500e+02
1.017480834960937500e+03
1.299591796875000000e+03
1.315083007812500000e+03
1.466204589843750000e+03
1.378916748046875000e+03
1.416762451171875000e+03
1.491261962890625000e+03
1.708955322265625000e+03
1.815194702148437500e+03
1.674411376953125000e+03
1.624399047851562500e+03
1.276156372070312500e+03
1.376637451171875000e+03
1.341454711914062500e+03
1.376035034179687500e+03
1.265094604492187500e+03
1.114684448242187500e+03
9.025512695312500000e+02
7.925357666015625000e+02
7.817541503906250000e+02
6.769232177734375000e+02
6.835866088867187500e+02
5.649678955078125000e+02
4.593785705566406250e+02
5.833513793945312500e+02
6.691002197265625000e+02
6.479291992187500000e+02
6.558701782226562500e+02
6.739377441406250000e+02
6.814410400390625000e+02
8.208378906250000000e+02
7.795783691406250000e+02
7.901931762695312500e+02
9.043508911132812500e+02
7.496302490234375000e+02
6.966226196289062500e+02
6.880581665039062500e+02
6.864678955078125000e+02
7.694886474609375000e+02
8.350079956054687500e+02
7.063631591796875000e+02
8.147949829101562500e+02
8.224534912109375000e+02
7.110653076171875000e+02
7.174434204101562500e+02
9.256577148437500000e+02
9.353052978515625000e+02
9.217937622070312500e+02
9.572943115234375000e+02
9.753839721679687500e+02
9.734487304687500000e+02
9.575532226562500000e+02
9.947332763671875000e+02
1.041705322265625000e+03
1.038070556640625000e+03
8.810131835937500000e+02
1.040407104492187500e+03
1.057433959960937500e+03
9.442840576171875000e+02
9.774027099609375000e+02
9.699649658203125000e+02
1.033382446289062500e+03
1.242293090820312500e+03
1.200680908203125000e+03
1.311834228515625000e+03
1.232613281250000000e+03
1.066435668945312500e+03
1.201736816406250000e+03
1.375555419921875000e+03
1.345786865234375000e+03
1.404031005859375000e+03
1.283584838867187500e+03
1.025440307617187500e+03
1.014628112792968750e+03
9.082395629882812500e+02
1.005889526367187500e+03
1.096539794921875000e+03
1.044281982421875000e+03
8.595019531250000000e+02
7.587913818359375000e+02
8.165222778320312500e+02
9.612308349609375000e+02
1.100948486328125000e+03
1.274969360351562500e+03
1.224668701171875000e+03
1.123189331054687500e+03
1.275487548828125000e+03
1.281244873046875000e+03
1.311070312500000000e+03
1.426580566406250000e+03
1.425697265625000000e+03
1.511289794921875000e+03
1.472442749023437500e+03
1.283682250976562500e+03
1.381483764648437500e+03
1.458572021484375000e+03
1.219557128906250000e+03
1.125113281250000000e+03
1.209770629882812500e+03
1.070215454101562500e+03
9.630928955078125000e+02
9.010935668945312500e+02
8.533182373046875000e+02
1.075880126953125000e+03
1.040875610351562500e+03
9.943513793945312500e+02
1.078910766601562500e+03
1.146219116210937500e+03
1.012314636230468750e+03
1.048574218750000000e+03
1.057482177734375000e+03
1.003261901855468750e+03
9.567291870117187500e+02
7.360137329101562500e+02
7.386439208984375000e+02
7.048730468750000000e+02
6.977647094726562500e+02
7.986314086914062500e+02
7.863933105468750000e+02
8.541527099609375000e+02
8.646803588867187500e+02
9.006401367187500000e+02
9.306046142578125000e+02
9.501389770507812500e+02
9.705516357421875000e+02
9.708948974609375000e+02
8.877926025390625000e+02
7.074110107421875000e+02
7.662385253906250000e+02
8.048516845703125000e+02
7.889346923828125000e+02
7.217412109375000000e+02
8.080269165039062500e+02
7.956270141601562500e+02
7.852710571289062500e+02
8.642806396484375000e+02
9.422656250000000000e+02
1.171462158203125000e+03
1.261308593750000000e+03
1.150522094726562500e+03
1.383599853515625000e+03
1.295644287109375000e+03
1.250933227539062500e+03
1.621379638671875000e+03
1.604706298828125000e+03
1.588816162109375000e+03
1.556101562500000000e+03
1.387279052734375000e+03
1.287590698242187500e+03
1.414503173828125000e+03
1.223089965820312500e+03
1.236034790039062500e+03
1.362022460937500000e+03
1.046099243164062500e+03
1.083092041015625000e+03
1.056726928710937500e+03
1.021940429687500000e+03
1.268277221679687500e+03
1.246718994140625000e+03
1.282581787109375000e+03
1.238303344726562500e+03
1.227397460937500000e+03
1.018035278320312500e+03
9.741067504882812500e+02
9.814141845703125000e+02
1.022917785644531250e+03
1.152759399414062500e+03
9.787547607421875000e+02
9.758234252929687500e+02
8.290164184570312500e+02
8.464965820312500000e+02
8.990653076171875000e+02
9.816799926757812500e+02
1.017148742675781250e+03
9.261804809570312500e+02
8.655887451171875000e+02
8.339747314453125000e+02
7.176024169921875000e+02
7.783128662109375000e+02
8.053442382812500000e+02
9.389288940429687500e+02
1.012841613769531250e+03
1.112637939453125000e+03
1.157702392578125000e+03
1.221927490234375000e+03
1.208315185546875000e+03
1.186468505859375000e+03
1.256119750976562500e+03
1.189335815429687500e+03
1.208959594726562500e+03
1.234858642578125000e+03
1.343660278320312500e+03
1.183931884765625000e+03
1.429622192382812500e+03
1.412419799804687500e+03
1.653822509765625000e+03
1.570088500976562500e+03
1.663908203125000000e+03
1.714333740234375000e+03
1.674744750976562500e+03
1.514488281250000000e+03
1.302871093750000000e+03
1.280912353515625000e+03
9.689857177734375000e+02
9.745384521484375000e+02
7.295346679687500000e+02
7.988934326171875000e+02
7.967154541015625000e+02
7.271452636718750000e+02
6.997102050781250000e+02
7.774986572265625000e+02
8.590444335937500000e+02
9.261866455078125000e+02
1.225879028320312500e+03
1.296421142578125000e+03
1.305130981445312500e+03
1.349274780273437500e+03
1.205179443359375000e+03
1.201340454101562500e+03
1.253437133789062500e+03
1.388684814453125000e+03
1.422875366210937500e+03
1.485401000976562500e+03
1.171168212890625000e+03
1.180485229492187500e+03
1.219757568359375000e+03
1.114547729492187500e+03
1.375065551757812500e+03
1.549347900390625000e+03
1.505634033203125000e+03
1.392460083007812500e+03
1.333367919921875000e+03
1.278440063476562500e+03
1.351439575195312500e+03
1.221341674804687500e+03
1.176425659179687500e+03
1.174941650390625000e+03
9.442760620117187500e+02
8.304187622070312500e+02
8.375777587890625000e+02
8.802739257812500000e+02
9.191679687500000000e+02
1.013123413085937500e+03
1.079872558593750000e+03
1.162053344726562500e+03
1.193471191406250000e+03
1.250138427734375000e+03
1.199433959960937500e+03
1.134261962890625000e+03
1.124081298828125000e+03
9.698388671875000000e+02
8.459835205078125000e+02
8.275999755859375000e+02
7.221979370117187500e+02
6.401204833984375000e+02
6.512326660156250000e+02
5.875969848632812500e+02
6.662196044921875000e+02
7.979746093750000000e+02
8.449648437500000000e+02
9.071090698242187500e+02
9.155036010742187500e+02
8.815272216796875000e+02
8.789783935546875000e+02
9.553261718750000000e+02
1.088234130859375000e+03
1.198059082031250000e+03
1.167654785156250000e+03
1.167027221679687500e+03
1.111845336914062500e+03
1.057607543945312500e+03
1.329380004882812500e+03
1.246928710937500000e+03
1.355763671875000000e+03
1.329003662109375000e+03
1.135768066406250000e+03
1.023475585937500000e+03
1.075664550781250000e+03
1.072939086914062500e+03
1.128430419921875000e+03
1.118103759765625000e+03
9.632434692382812500e+02
9.456189575195312500e+02
8.492437744140625000e+02
9.759403076171875000e+02
1.123445678710937500e+03
1.118254028320312500e+03
1.117678100585937500e+03
1.012951171875000000e+03
9.553264770507812500e+02
9.590553588867187500e+02
8.198204956054687500e+02
8.116693115234375000e+02
7.745928955078125000e+02
5.893659667968750000e+02
5.380001220703125000e+02
6.786185302734375000e+02
5.747220458984375000e+02
6.616407470703125000e+02
6.603230590820312500e+02
6.982108154296875000e+02
7.152594604492187500e+02
7.110847778320312500e+02
7.293919677734375000e+02
7.354842529296875000e+02
6.573059082031250000e+02
5.783621826171875000e+02
8.100048828125000000e+02
7.669564208984375000e+02
8.116948852539062500e+02
8.935766601562500000e+02
9.455351562500000000e+02
1.046090942382812500e+03
1.018601440429687500e+03
1.025446533203125000e+03
1.065725708007812500e+03
1.102244384765625000e+03
8.677464599609375000e+02
9.557405395507812500e+02
9.480143432617187500e+02
9.247604370117187500e+02
8.702327880859375000e+02
8.858959960937500000e+02
9.046535034179687500e+02
9.472479248046875000e+02
9.667006835937500000e+02
1.081925537109375000e+03
1.084820556640625000e+03
1.013852355957031250e+03
9.862874755859375000e+02
8.916391601562500000e+02
8.872641601562500000e+02
7.880726318359375000e+02
7.674276123046875000e+02
7.385809326171875000e+02
7.438494873046875000e+02
5.744281616210937500e+02
7.142927856445312500e+02
6.521823120117187500e+02
6.534398193359375000e+02
6.640461425781250000e+02
7.521455078125000000e+02
8.930909423828125000e+02
9.637249755859375000e+02
9.572359619140625000e+02
9.790672607421875000e+02
1.041254028320312500e+03
8.952308349609375000e+02
1.120939697265625000e+03
1.260379516601562500e+03
1.242549560546875000e+03
1.162054687500000000e+03
9.931837768554687500e+02
1.117642578125000000e+03
1.299139526367187500e+03
1.204298706054687500e+03
1.227068115234375000e+03
1.329269775390625000e+03
1.133067626953125000e+03
9.927316284179687500e+02
1.179153930664062500e+03
1.345433349609375000e+03
1.376738647460937500e+03
1.188884521484375000e+03
9.961689453125000000e+02
1.080956420898437500e+03
1.052992431640625000e+03
1.120325683593750000e+03
1.123486572265625000e+03
1.135090576171875000e+03
9.461661376953125000e+02
8.369913940429687500e+02
8.232434692382812500e+02
8.569129638671875000e+02
9.827063598632812500e+02
9.071604614257812500e+02
8.154715576171875000e+02
6.558510742187500000e+02
6.744385986328125000e+02
6.553992919921875000e+02
7.473314208984375000e+02
7.273424682617187500e+02
7.333312988281250000e+02
7.845096435546875000e+02
8.058782348632812500e+02
7.996934814453125000e+02
1.117531860351562500e+03
1.161755615234375000e+03
1.113462402343750000e+03
1.306999755859375000e+03
1.247579711914062500e+03
1.532030883789062500e+03
1.567124023437500000e+03
1.632616455078125000e+03
1.600051025390625000e+03
1.748602783203125000e+03
1.487633178710937500e+03
1.433180053710937500e+03
1.443459716796875000e+03
1.259856811523437500e+03
1.296144531250000000e+03
1.100834716796875000e+03
1.295139404296875000e+03
1.334577880859375000e+03
1.220227905273437500e+03
1.067197509765625000e+03
1.185375610351562500e+03
1.235872436523437500e+03
1.235946533203125000e+03
1.391353637695312500e+03
1.325654296875000000e+03
1.320880615234375000e+03
1.081728759765625000e+03
9.257501831054687500e+02
1.035362915039062500e+03
1.116639404296875000e+03
9.365579833984375000e+02
9.247437744140625000e+02
9.138325195312500000e+02
7.516023559570312500e+02
8.432332153320312500e+02
7.525921630859375000e+02
9.639900512695312500e+02
1.031501708984375000e+03
9.462958984375000000e+02
1.019958801269531250e+03
1.038788330078125000e+03
1.047707763671875000e+03
1.261304565429687500e+03
1.341648071289062500e+03
1.333115722656250000e+03
1.303103759765625000e+03
1.296874267578125000e+03
1.188178222656250000e+03
1.166201904296875000e+03
1.206634521484375000e+03
1.188898681640625000e+03
1.310515991210937500e+03
1.118140747070312500e+03
1.071210937500000000e+03
1.093366943359375000e+03
1.088713745117187500e+03
8.742916870117187500e+02
1.078354248046875000e+03
1.304890625000000000e+03
1.156244628906250000e+03
1.337498291015625000e+03
1.330212524414062500e+03
1.300135131835937500e+03
1.322243530273437500e+03
1.233713500976562500e+03
1.236324218750000000e+03
1.364460205078125000e+03
1.230662353515625000e+03
1.199139892578125000e+03
1.170906127929687500e+03
1.149850463867187500e+03
1.017382202148437500e+03
1.037646240234375000e+03
1.024371704101562500e+03
1.068497802734375000e+03
1.060894531250000000e+03
1.073973266601562500e+03
1.046278808593750000e+03
1.150573242187500000e+03
1.237349853515625000e+03
1.275784423828125000e+03
1.293981079101562500e+03
1.373204101562500000e+03
1.376871826171875000e+03
1.523776977539062500e+03
1.541119628906250000e+03
1.407754272460937500e+03
1.366348388671875000e+03
1.102627319335937500e+03
1.002037780761718750e+03
8.681127929687500000e+02
8.125946044921875000e+02
8.540158081054687500e+02
9.170353393554687500e+02
7.847786254882812500e+02
7.866911621093750000e+02
7.781240234375000000e+02
7.881362304687500000e+02
9.314830932617187500e+02
9.829684448242187500e+02
1.136187988281250000e+03
1.153183593750000000e+03
1.184358642578125000e+03
1.221529174804687500e+03
1.316192382812500000e+03
1.322051147460937500e+03
1.349652587890625000e+03
1.347577148437500000e+03
1.163237304687500000e+03
1.108756103515625000e+03
9.823020629882812500e+02
1.044868408203125000e+03
1.086106201171875000e+03
1.188024414062500000e+03
1.040244018554687500e+03
1.074676513671875000e+03
1.045506591796875000e+03
1.041997558593750000e+03
1.117657958984375000e+03
1.337523437500000000e+03
1.299666992187500000e+03
1.243526367187500000e+03
1.083890258789062500e+03
8.405102539062500000e+02
8.412509765625000000e+02
8.170323486328125000e+02
8.678211059570312500e+02
9.028878173828125000e+02
9.994012451171875000e+02
8.750277099609375000e+02
1.054965820312500000e+03
1.210210205078125000e+03
1.176906982421875000e+03
1.358634521484375000e+03
1.346076171875000000e+03
1.323166748046875000e+03
1.284202392578125000e+03
1.424918945312500000e+03
1.308799072265625000e+03
1.221852783203125000e+03
9.959173583984375000e+02
8.918007812500000000e+02
9.444764404296875000e+02
8.053437500000000000e+02
7.735541992187500000e+02
8.336416015625000000e+02
8.838233642578125000e+02
8.952113037109375000e+02
1.048080444335937500e+03
1.344209960937500000e+03
1.345518310546875000e+03
1.295108642578125000e+03
1.303117065429687500e+03
1.466097045898437500e+03
1.492276123046875000e+03
1.517684814453125000e+03
1.523582641601562500e+03
1.514297607421875000e+03
1.342236572265625000e+03
1.121146606445312500e+03
1.112268310546875000e+03
1.204817138671875000e+03
1.253209838867187500e+03
1.152264770507812500e+03
1.149723510742187500e+03
1.180053100585937500e+03
1.319005981445312500e+03
1.137599365234375000e+03
1.169314697265625000e+03
1.095204345703125000e+03
1.100112548828125000e+03
1.004056518554687500e+03
8.903834228515625000e+02
7.820558471679687500e+02
8.282608642578125000e+02
7.910341796875000000e+02
6.212835083007812500e+02
7.846004638671875000e+02
7.680997314453125000e+02
8.842291259765625000e+02
1.107463867187500000e+03
1.101373779296875000e+03
1.084892700195312500e+03
1.187703369140625000e+03
1.144838989257812500e+03
1.088006469726562500e+03
1.059982177734375000e+03
1.019030578613281250e+03
9.684319458007812500e+02
8.990237426757812500e+02
7.213382568359375000e+02
8.143734741210937500e+02
8.515719604492187500e+02
7.502679443359375000e+02
7.518220214843750000e+02
8.207117309570312500e+02
9.415984497070312500e+02
8.189584960937500000e+02
1.052681396484375000e+03
1.057123291015625000e+03
1.166210205078125000e+03
1.122317138671875000e+03
1.213237548828125000e+03
1.214319580078125000e+03
1.435456665039062500e+03
1.342968505859375000e+03
1.464248046875000000e+03
1.626586181640625000e+03
1.398497802734375000e+03
1.340617187500000000e+03
1.479055908203125000e+03
1.476863525390625000e+03
1.580431396484375000e+03
1.656378540039062500e+03
1.437015258789062500e+03
1.483309814453125000e+03
1.287100341796875000e+03
1.226182861328125000e+03
1.400270263671875000e+03
1.478938232421875000e+03
1.393878173828125000e+03
1.446173706054687500e+03
1.382782104492187500e+03
1.305011962890625000e+03
1.314232910156250000e+03
1.298749755859375000e+03
1.249971069335937500e+03
1.147977294921875000e+03
1.005204895019531250e+03
9.370473632812500000e+02
8.261893310546875000e+02
7.967510375976562500e+02
7.192671508789062500e+02
8.742348632812500000e+02
8.598597412109375000e+02
8.263189697265625000e+02
1.079099487304687500e+03
1.086696899414062500e+03
1.057164916992187500e+03
1.050416748046875000e+03
9.798255004882812500e+02
9.102958984375000000e+02
8.265445556640625000e+02
6.691819458007812500e+02
7.254482421875000000e+02
7.254828491210937500e+02
4.790866088867187500e+02
7.309906005859375000e+02
7.693172607421875000e+02
7.707498779296875000e+02
9.798870849609375000e+02
1.114015014648437500e+03
1.218726440429687500e+03
1.310509521484375000e+03
1.252866333007812500e+03
1.260648193359375000e+03
1.258034057617187500e+03
1.216054931640625000e+03
1.270117919921875000e+03
1.270772827148437500e+03
1.033505859375000000e+03
9.435779418945312500e+02
9.125714721679687500e+02
8.175598754882812500e+02
8.152731933593750000e+02
8.295073242187500000e+02
8.294135742187500000e+02
7.046915283203125000e+02
6.069486694335937500e+02
6.772356567382812500e+02
7.100503540039062500e+02
8.538162841796875000e+02
9.847076416015625000e+02
1.244382568359375000e+03
1.246468750000000000e+03
1.223918823242187500e+03
1.221508666992187500e+03
1.198841918945312500e+03
1.200193237304687500e+03
1.186784912109375000e+03
1.273665039062500000e+03
1.210455322265625000e+03
1.013592102050781250e+03
9.449996948242187500e+02
1.121012817382812500e+03
1.123309326171875000e+03
1.159456665039062500e+03
1.189069213867187500e+03
1.361695556640625000e+03
1.307932861328125000e+03
1.318469360351562500e+03
1.226188720703125000e+03
1.237591064453125000e+03
1.194057373046875000e+03
1.063516235351562500e+03
1.216347167968750000e+03
1.292992187500000000e+03
1.166278564453125000e+03
1.028330688476562500e+03
1.144924926757812500e+03
1.114909423828125000e+03
1.220435668945312500e+03
1.335713378906250000e+03
1.313221435546875000e+03
1.389682006835937500e+03
1.320413085937500000e+03
1.284706054687500000e+03
1.434969482421875000e+03
1.581100830078125000e+03
1.638803466796875000e+03
1.803323242187500000e+03
2.067198974609375000e+03
1.934113891601562500e+03
1.829580444335937500e+03
1.715804321289062500e+03
1.636732543945312500e+03
1.772825439453125000e+03
1.652767333984375000e+03
1.641508056640625000e+03
1.463956787109375000e+03
1.268420166015625000e+03
9.154744873046875000e+02
1.072750732421875000e+03
1.063093505859375000e+03
1.298021362304687500e+03
1.398029418945312500e+03
1.301640014648437500e+03
1.301266357421875000e+03
1.276532958984375000e+03
1.531440917968750000e+03
1.525768676757812500e+03
1.702246337890625000e+03
1.619449462890625000e+03
1.735223632812500000e+03
1.626504760742187500e+03
1.525784423828125000e+03
1.774456787109375000e+03
2.010328125000000000e+03
2.079771728515625000e+03
1.823349243164062500e+03
1.761292724609375000e+03
1.537659545898437500e+03
1.465731567382812500e+03
1.474526977539062500e+03
1.461490112304687500e+03
1.445372436523437500e+03
1.278272460937500000e+03
1.121874755859375000e+03
1.154219970703125000e+03
1.146166137695312500e+03
1.342637329101562500e+03
1.573251342773437500e+03
1.576226074218750000e+03
1.513804199218750000e+03
1.417213623046875000e+03
1.532672973632812500e+03
1.375259277343750000e+03
1.293690185546875000e+03
1.187549560546875000e+03
1.196788452148437500e+03
1.157284912109375000e+03
9.863338012695312500e+02
9.982403564453125000e+02
1.038466064453125000e+03
1.119243286132812500e+03
1.198923583984375000e+03
1.159582031250000000e+03
1.186187988281250000e+03
1.082310058593750000e+03
1.159958496093750000e+03
1.205678466796875000e+03
1.273352172851562500e+03
1.346814819335937500e+03
1.240795776367187500e+03
1.134975463867187500e+03
9.519604492187500000e+02
9.625636596679687500e+02
9.714254150390625000e+02
9.434351806640625000e+02
8.938478393554687500e+02
6.898952636718750000e+02
8.166535034179687500e+02
9.709719848632812500e+02
9.740900268554687500e+02
1.113837646484375000e+03
1.112703369140625000e+03
1.410246459960937500e+03
1.376882324218750000e+03
1.378602294921875000e+03
1.350800292968750000e+03
1.349361572265625000e+03
1.097713623046875000e+03
8.570429687500000000e+02
9.942695312500000000e+02
8.516361083984375000e+02
8.604259033203125000e+02
6.492511596679687500e+02
8.430833740234375000e+02
8.409249267578125000e+02
8.415836791992187500e+02
1.132591552734375000e+03
1.126147216796875000e+03
1.126088500976562500e+03
1.056299560546875000e+03
1.265408691406250000e+03
1.258508789062500000e+03
1.393022216796875000e+03
1.191437133789062500e+03
1.182950927734375000e+03
1.230413330078125000e+03
9.451238403320312500e+02
1.002411926269531250e+03
9.835686645507812500e+02
9.760383911132812500e+02
7.709392089843750000e+02
9.126697998046875000e+02
6.833088989257812500e+02
7.219503173828125000e+02
7.256538085937500000e+02
9.605341796875000000e+02
1.098600341796875000e+03
1.165263427734375000e+03
1.243943725585937500e+03
1.186519653320312500e+03
1.377569702148437500e+03
1.257154541015625000e+03
1.317576049804687500e+03
1.288688354492187500e+03
1.441995483398437500e+03
1.153711059570312500e+03
1.005219848632812500e+03
1.023061157226562500e+03
9.612219848632812500e+02
1.201259033203125000e+03
1.026437133789062500e+03
1.063215576171875000e+03
1.013708862304687500e+03
1.009552429199218750e+03
9.335620117187500000e+02
9.607347412109375000e+02
1.178760620117187500e+03
1.297027099609375000e+03
1.525828369140625000e+03
1.503632690429687500e+03
1.516129394531250000e+03
1.514965820312500000e+03
1.706678466796875000e+03
1.715269897460937500e+03
1.634443725585937500e+03
1.613461669921875000e+03
1.518585571289062500e+03
1.287396484375000000e+03
1.121681640625000000e+03
9.005645751953125000e+02
9.931224365234375000e+02
9.348206787109375000e+02
8.854251708984375000e+02
1.111031250000000000e+03
1.299104125976562500e+03
1.525884033203125000e+03
1.449313354492187500e+03
1.423602783203125000e+03
1.531867431640625000e+03
1.756725219726562500e+03
1.700376953125000000e+03
1.749458251953125000e+03
1.596540405273437500e+03
1.529437011718750000e+03
1.345081787109375000e+03
1.282120849609375000e+03
1.310500488281250000e+03
1.511777099609375000e+03
1.351316650390625000e+03
1.153297851562500000e+03
1.183118530273437500e+03
1.133766601562500000e+03
1.192956665039062500e+03
1.059536499023437500e+03
1.284161987304687500e+03
1.180020263671875000e+03
1.112399414062500000e+03
9.107738037109375000e+02
9.016605224609375000e+02
8.723167114257812500e+02
9.722828979492187500e+02
1.094585693359375000e+03
1.074705688476562500e+03
1.415196533203125000e+03
1.187295654296875000e+03
1.127875976562500000e+03
1.130377319335937500e+03
1.140858154296875000e+03
1.139402832031250000e+03
1.136907958984375000e+03
9.342384033203125000e+02
8.103634643554687500e+02
7.702998046875000000e+02
4.549430236816406250e+02
4.559653320312500000e+02
4.545763244628906250e+02
6.043352050781250000e+02
5.919976196289062500e+02
7.066646728515625000e+02
7.840151977539062500e+02
1.115390136718750000e+03
1.338140747070312500e+03
1.533943847656250000e+03
1.476286376953125000e+03
1.478206298828125000e+03
1.541289306640625000e+03
1.397279541015625000e+03
1.455331787109375000e+03
1.340639892578125000e+03
1.296865722656250000e+03
9.736855468750000000e+02
9.588309326171875000e+02
7.652083740234375000e+02
8.461345825195312500e+02
8.442562255859375000e+02
8.827210693359375000e+02
8.763277587890625000e+02
8.237569580078125000e+02
1.018751586914062500e+03
1.063884765625000000e+03
1.066120849609375000e+03
9.179405517578125000e+02
1.052086669921875000e+03
9.754606323242187500e+02
1.166807006835937500e+03
1.067355346679687500e+03
1.402156982421875000e+03
1.457671997070312500e+03
1.264028564453125000e+03
1.188495849609375000e+03
1.355149414062500000e+03
1.298214965820312500e+03
1.163620605468750000e+03
1.158320556640625000e+03
9.704158325195312500e+02
9.674671020507812500e+02
7.073939208984375000e+02
6.555653076171875000e+02
6.729417114257812500e+02
7.240776367187500000e+02
5.546681518554687500e+02
5.904783935546875000e+02
5.904913330078125000e+02
6.416313476562500000e+02
7.462468261718750000e+02
8.800850830078125000e+02
8.408168945312500000e+02
8.389155273437500000e+02
8.843719482421875000e+02
8.376517333984375000e+02
8.371821289062500000e+02
8.966004028320312500e+02
1.170711791992187500e+03
1.118354370117187500e+03
1.325361572265625000e+03
1.189257202148437500e+03
1.226429687500000000e+03
1.380768432617187500e+03
1.317915283203125000e+03
1.315426635742187500e+03
1.315881713867187500e+03
1.225346923828125000e+03
1.038403076171875000e+03
1.089486083984375000e+03
8.983085937500000000e+02
9.813986206054687500e+02
9.059964599609375000e+02
7.491290283203125000e+02
7.498906250000000000e+02
9.852542724609375000e+02
9.859703369140625000e+02
1.035714721679687500e+03
1.169908691406250000e+03
1.352438842773437500e+03
1.229137451171875000e+03
1.159510864257812500e+03
1.161835449218750000e+03
1.186873413085937500e+03
1.188585693359375000e+03
9.524028320312500000e+02
9.704082031250000000e+02
9.151962890625000000e+02
6.921553955078125000e+02
7.180880126953125000e+02
7.084627685546875000e+02
7.176993408203125000e+02
1.045604125976562500e+03
1.020537109375000000e+03
1.017445922851562500e+03
1.117767333984375000e+03
1.100100830078125000e+03
1.100233642578125000e+03
1.150818603515625000e+03
9.017271728515625000e+02
9.100970458984375000e+02
8.927825317382812500e+02
5.845035400390625000e+02
5.856158447265625000e+02
5.867852783203125000e+02
6.618886718750000000e+02
6.939266357421875000e+02
6.918898315429687500e+02
7.835122070312500000e+02
9.181793823242187500e+02
1.116777954101562500e+03
1.308954833984375000e+03
1.293057861328125000e+03
1.308490356445312500e+03
1.509268554687500000e+03
1.334521484375000000e+03
1.300609863281250000e+03
1.475142089843750000e+03
1.358936645507812500e+03
1.346628051757812500e+03
1.231249267578125000e+03
1.082412475585937500e+03
1.082501220703125000e+03
1.070415771484375000e+03
9.435037231445312500e+02
9.291043701171875000e+02
9.286124267578125000e+02
8.786531372070312500e+02
8.522562255859375000e+02
9.058530273437500000e+02
9.712731323242187500e+02
9.260756835937500000e+02
9.343519287109375000e+02
1.095690673828125000e+03
1.193901611328125000e+03
1.338052490234375000e+03
1.341146484375000000e+03
1.218040527343750000e+03
1.457882568359375000e+03
1.273895263671875000e+03
1.128249267578125000e+03
1.128511108398437500e+03
1.113464111328125000e+03
9.576512451171875000e+02
9.232590942382812500e+02
8.854145507812500000e+02
9.133748168945312500e+02
1.004583312988281250e+03
7.662691650390625000e+02
7.664937744140625000e+02
9.975977783203125000e+02
1.226989868164062500e+03
1.253475952148437500e+03
1.244334838867187500e+03
1.265217285156250000e+03
1.171366210937500000e+03
1.228333740234375000e+03
1.284880859375000000e+03
1.416165283203125000e+03
1.500349731445312500e+03
1.267583984375000000e+03
1.078603271484375000e+03
1.123688720703125000e+03
1.123505126953125000e+03
1.127113037109375000e+03
1.204049560546875000e+03
1.120313110351562500e+03
1.155833007812500000e+03
1.025169311523437500e+03
9.389288330078125000e+02
1.056171875000000000e+03
1.012427856445312500e+03
1.068881103515625000e+03
1.091615722656250000e+03
1.018027709960937500e+03
1.139412963867187500e+03
1.283185791015625000e+03
1.407081420898437500e+03
1.475554931640625000e+03
1.475598754882812500e+03
1.589793334960937500e+03
1.590743896484375000e+03
1.593794311523437500e+03
1.567999877929687500e+03
1.620667236328125000e+03
1.424447509765625000e+03
1.322292602539062500e+03
1.014040222167968750e+03
9.402960205078125000e+02
9.417376098632812500e+02
9.026209106445312500e+02
1.036837036132812500e+03
9.066054687500000000e+02
9.090353393554687500e+02
7.677827758789062500e+02
8.741129760742187500e+02
1.205863281250000000e+03
1.208279907226562500e+03
1.212534545898437500e+03
1.337669067382812500e+03
1.147899780273437500e+03
1.021257141113281250e+03
1.023146301269531250e+03
1.021844543457031250e+03
1.292288085937500000e+03
1.188495849609375000e+03
8.814093017578125000e+02
8.797849731445312500e+02
8.798314208984375000e+02
9.946621093750000000e+02
9.927734375000000000e+02
1.074667968750000000e+03
1.170375732421875000e+03
1.170364013671875000e+03
8.963040161132812500e+02
8.933333740234375000e+02
1.072552246093750000e+03
1.336400756835937500e+03
1.349301269531250000e+03
1.111981445312500000e+03
1.118594360351562500e+03
1.079741821289062500e+03
1.110841796875000000e+03
1.111695068359375000e+03
1.141307983398437500e+03
1.140844360351562500e+03
8.941239013671875000e+02
6.306771240234375000e+02
6.570386962890625000e+02
6.551985473632812500e+02
7.280657348632812500e+02
6.803385009765625000e+02
7.071051025390625000e+02
7.085882568359375000e+02
6.784571533203125000e+02
6.803886718750000000e+02
6.791400756835937500e+02
1.040846313476562500e+03
1.142075317382812500e+03
1.142853393554687500e+03
1.288248535156250000e+03
1.327767700195312500e+03
1.329371459960937500e+03
1.658792602539062500e+03
1.660408203125000000e+03
1.658026367187500000e+03
1.656819702148437500e+03
1.294326416015625000e+03
1.151238525390625000e+03
1.189033447265625000e+03
1.068161376953125000e+03
1.028688232421875000e+03
1.184896240234375000e+03
8.543964843750000000e+02
1.051173217773437500e+03
1.058018798828125000e+03
1.059037109375000000e+03
1.060148559570312500e+03
1.059437622070312500e+03
1.123684448242187500e+03
1.019981567382812500e+03
1.233627685546875000e+03
9.296734619140625000e+02
1.222073852539062500e+03
1.087465087890625000e+03
1.082135253906250000e+03
1.081872070312500000e+03
1.451177124023437500e+03
1.453323120117187500e+03
1.350628295898437500e+03
1.487387573242187500e+03
1.307658813476562500e+03
1.303016113281250000e+03
1.008297668457031250e+03
9.481968994140625000e+02
1.096062744140625000e+03
1.096054931640625000e+03
7.276281127929687500e+02
7.291212158203125000e+02
7.298333740234375000e+02
5.913040771484375000e+02
5.558944091796875000e+02
7.189722900390625000e+02
7.206527709960937500e+02
9.371679687500000000e+02
9.191539916992187500e+02
9.195917968750000000e+02
9.197753906250000000e+02
9.194498291015625000e+02
9.129236450195312500e+02
9.112946166992187500e+02
9.498066406250000000e+02
9.850833740234375000e+02
9.843463745117187500e+02
9.783899536132812500e+02
8.494777221679687500e+02
1.109087036132812500e+03
1.108048706054687500e+03
1.468955322265625000e+03
1.492381103515625000e+03
1.496986328125000000e+03
1.460089965820312500e+03
1.256773193359375000e+03
1.264220947265625000e+03
1.326864501953125000e+03
1.409055053710937500e+03
1.498376586914062500e+03
1.497004760742187500e+03
1.136944580078125000e+03
1.290720581054687500e+03
1.289348876953125000e+03
1.552709350585937500e+03
1.553754638671875000e+03
1.599634399414062500e+03
1.365763793945312500e+03
1.491505371093750000e+03
1.333550537109375000e+03
1.334687744140625000e+03
1.334667236328125000e+03
1.165273681640625000e+03
1.166025024414062500e+03
8.999691162109375000e+02
9.003410034179687500e+02
8.482978515625000000e+02
8.200294189453125000e+02
6.127385864257812500e+02
4.232479858398437500e+02
4.248362426757812500e+02
4.246227416992187500e+02
4.237837524414062500e+02
4.218004455566406250e+02
4.257854614257812500e+02
4.257648315429687500e+02
6.229036254882812500e+02
7.961663818359375000e+02
7.927335205078125000e+02
7.923138427734375000e+02
8.628956298828125000e+02
9.452200317382812500e+02
9.458323364257812500e+02
1.027476928710937500e+03
1.030739624023437500e+03
1.032948974609375000e+03
1.023475769042968750e+03
8.379302978515625000e+02
1.078511352539062500e+03
1.107668701171875000e+03
1.035257568359375000e+03
9.509892578125000000e+02
9.481985473632812500e+02
1.039515014648437500e+03
1.036510498046875000e+03
1.035681884765625000e+03
8.493937377929687500e+02
8.516683349609375000e+02
7.397360229492187500e+02
7.088059082031250000e+02
7.085302734375000000e+02
9.466222534179687500e+02
9.690012817382812500e+02
1.026382080078125000e+03
1.026050537109375000e+03
1.275703369140625000e+03
1.274874145507812500e+03
1.272274291992187500e+03
1.299007202148437500e+03
1.300565185546875000e+03
1.301473144531250000e+03
1.145847412109375000e+03
1.124816894531250000e+03
8.951095581054687500e+02
9.145491943359375000e+02
6.644774780273437500e+02
6.643222045898437500e+02
8.476025390625000000e+02
6.927773437500000000e+02
7.826642456054687500e+02
8.860440673828125000e+02
8.257327880859375000e+02
8.240172729492187500e+02
8.253659057617187500e+02
8.047513427734375000e+02
9.561680908203125000e+02
9.557750244140625000e+02
7.728521728515625000e+02
7.751077270507812500e+02
7.461754150390625000e+02
6.421899414062500000e+02
6.201893920898437500e+02
6.196153564453125000e+02
7.535013427734375000e+02
7.596802978515625000e+02
6.084888305664062500e+02
6.064520263671875000e+02
8.026676635742187500e+02
8.018935546875000000e+02
7.414090576171875000e+02
7.424399414062500000e+02
7.417506713867187500e+02
9.423082275390625000e+02
