1.385235595703125000e+02
2.881868896484375000e+02
2.709892272949218750e+02
2.909934692382812500e+02
2.863444519042968750e+02
2.771490173339843750e+02
2.461045989990234375e+02
2.333635253906250000e+02
2.381780090332031250e+02
2.686425170898437500e+02
2.521995086669921875e+02
2.669013061523437500e+02
2.566523132324218750e+02
2.691574401855468750e+02
2.520518951416015625e+02
2.290859527587890625e+02
2.502557983398437500e+02
2.557209014892578125e+02
2.772392883300781250e+02
2.662034606933593750e+02
2.885612487792968750e+02
2.890649108886718750e+02
2.767663269042968750e+02
2.673268127441406250e+02
2.613133850097656250e+02
2.915195922851562500e+02
2.789943237304687500e+02
2.601039733886718750e+02
2.353088531494140625e+02
2.397091674804687500e+02
2.695712280273437500e+02
2.524122161865234375e+02
2.317826538085937500e+02
2.135663146972656250e+02
2.405814971923828125e+02
2.679877624511718750e+02
2.682577514648437500e+02
2.565345153808593750e+02
2.379712982177734375e+02
2.448151855468750000e+02
2.433572845458984375e+02
2.634387207031250000e+02
2.917676086425781250e+02
3.123923034667968750e+02
3.360175170898437500e+02
3.181532897949218750e+02
3.174401245117187500e+02
3.122432556152343750e+02
3.176336364746093750e+02
3.218119812011718750e+02
2.865829467773437500e+02
3.096342773437500000e+02
3.083591613769531250e+02
3.450042724609375000e+02
3.171367797851562500e+02
2.901374206542968750e+02
2.822947998046875000e+02
2.493483123779296875e+02
2.876920776367187500e+02
2.675571899414062500e+02
2.997437133789062500e+02
2.660066528320312500e+02
2.694744567871093750e+02
2.688484497070312500e+02
2.742572021484375000e+02
2.799004821777343750e+02
2.653489074707031250e+02
2.733329162597656250e+02
2.585608825683593750e+02
2.460745391845703125e+02
2.210012054443359375e+02
2.534625091552734375e+02
3.028318176269531250e+02
3.203330383300781250e+02
2.913123168945312500e+02
2.530943145751953125e+02
2.662863464355468750e+02
2.703661804199218750e+02
2.918333740234375000e+02
3.013004150390625000e+02
2.986611938476562500e+02
2.855161743164062500e+02
2.742359619140625000e+02
2.804534912109375000e+02
2.969505004882812500e+02
2.820660400390625000e+02
2.751864318847656250e+02
2.719976806640625000e+02
3.110915832519531250e+02
3.133644409179687500e+02
3.223020324707031250e+02
2.912899475097656250e+02
3.086911926269531250e+02
2.819429626464843750e+02
2.895556640625000000e+02
2.889602966308593750e+02
3.116925964355468750e+02
3.248375854492187500e+02
3.124737548828125000e+02
3.351699218750000000e+02
3.357385559082031250e+02
3.594745788574218750e+02
3.345859985351562500e+02
3.102965393066406250e+02
2.939101562500000000e+02
3.033684387207031250e+02
3.027202148437500000e+02
3.025242919921875000e+02
2.984692993164062500e+02
2.854367370605468750e+02
2.855562438964843750e+02
2.725248718261718750e+02
3.074365844726562500e+02
3.166454467773437500e+02
3.229698181152343750e+02
3.309116210937500000e+02
3.529128723144531250e+02
3.432608947753906250e+02
3.506233520507812500e+02
3.496284790039062500e+02
3.606632385253906250e+02
3.228530883789062500e+02
3.106765441894531250e+02
3.149581909179687500e+02
3.440166015625000000e+02
3.401743164062500000e+02
3.371006469726562500e+02
3.984044494628906250e+02
3.761039123535156250e+02
3.769400329589843750e+02
3.182911987304687500e+02
3.227671508789062500e+02
3.035317077636718750e+02
2.721505737304687500e+02
2.869876098632812500e+02
3.269305114746093750e+02
3.480745239257812500e+02
3.435443115234375000e+02
3.177098083496093750e+02
3.215867004394531250e+02
3.284037475585937500e+02
3.376272583007812500e+02
3.157388000488281250e+02
3.208190612792968750e+02
3.180364990234375000e+02
3.199595336914062500e+02
3.210266418457031250e+02
3.217813720703125000e+02
3.414062805175781250e+02
3.141284790039062500e+02
3.248316040039062500e+02
3.583422546386718750e+02
3.691794128417968750e+02
3.524691162109375000e+02
3.373138732910156250e+02
3.688837890625000000e+02
3.735143737792968750e+02
3.451336975097656250e+02
3.128637390136718750e+02
2.916835021972656250e+02
2.897236022949218750e+02
3.191482238769531250e+02
3.699275207519531250e+02
3.736368103027343750e+02
3.678102111816406250e+02
3.530298767089843750e+02
3.630508117675781250e+02
3.385013122558593750e+02
3.238824768066406250e+02
3.161623840332031250e+02
3.622318115234375000e+02
3.654721374511718750e+02
3.473230590820312500e+02
3.015743103027343750e+02
2.873230895996093750e+02
3.182174377441406250e+02
3.268519592285156250e+02
3.277001342773437500e+02
3.404492492675781250e+02
3.672238159179687500e+02
3.806279602050781250e+02
3.540656127929687500e+02
2.947502136230468750e+02
3.022875366210937500e+02
3.150424194335937500e+02
3.795108642578125000e+02
4.003395690917968750e+02
4.140227661132812500e+02
3.828524169921875000e+02
3.648413696289062500e+02
3.513748168945312500e+02
3.527799987792968750e+02
3.458031921386718750e+02
3.289656982421875000e+02
3.137477111816406250e+02
3.246636352539062500e+02
3.372835083007812500e+02
3.452356567382812500e+02
3.536515808105468750e+02
3.395700378417968750e+02
3.558075561523437500e+02
3.397681884765625000e+02
3.603895263671875000e+02
3.495629272460937500e+02
3.206084594726562500e+02
3.242663879394531250e+02
3.383029479980468750e+02
3.745339660644531250e+02
3.730044250488281250e+02
3.982854919433593750e+02
4.226522521972656250e+02
3.986903686523437500e+02
3.832388610839843750e+02
3.680401306152343750e+02
3.657992858886718750e+02
3.719392395019531250e+02
3.641295471191406250e+02
4.179860229492187500e+02
4.004137573242187500e+02
4.110103149414062500e+02
3.920867614746093750e+02
3.977110595703125000e+02
3.700200195312500000e+02
3.621556396484375000e+02
3.427952575683593750e+02
3.484380187988281250e+02
3.576049499511718750e+02
3.660047912597656250e+02
3.609589843750000000e+02
3.665660095214843750e+02
3.803500366210937500e+02
3.946024169921875000e+02
4.004452209472656250e+02
3.910189819335937500e+02
4.186217041015625000e+02
4.011406860351562500e+02
3.813394165039062500e+02
3.490741882324218750e+02
3.648347473144531250e+02
3.944411926269531250e+02
4.238959045410156250e+02
4.406186218261718750e+02
4.474771423339843750e+02
4.501924133300781250e+02
4.177012634277343750e+02
3.801421508789062500e+02
3.839882202148437500e+02
4.202313537597656250e+02
4.785278625488281250e+02
4.780403137207031250e+02
4.781672973632812500e+02
5.049268798828125000e+02
4.995468750000000000e+02
5.007913208007812500e+02
4.809786987304687500e+02
4.431533813476562500e+02
3.895216369628906250e+02
3.458156127929687500e+02
4.168203430175781250e+02
4.440689392089843750e+02
4.788326416015625000e+02
4.442438049316406250e+02
4.583725585937500000e+02
4.306474609375000000e+02
4.237999267578125000e+02
3.970867309570312500e+02
4.542918701171875000e+02
4.808991088867187500e+02
4.991407775878906250e+02
4.330643005371093750e+02
4.122936401367187500e+02
4.510878906250000000e+02
4.824548645019531250e+02
4.451012268066406250e+02
3.877257995605468750e+02
4.469005737304687500e+02
4.556647033691406250e+02
4.542694702148437500e+02
4.018182678222656250e+02
4.249039611816406250e+02
4.949766540527343750e+02
4.845762329101562500e+02
4.686056823730468750e+02
4.701769409179687500e+02
5.282711791992187500e+02
5.634889526367187500e+02
5.433348388671875000e+02
5.113647460937500000e+02
4.737041015625000000e+02
4.831726684570312500e+02
4.641921081542968750e+02
5.281493530273437500e+02
5.013665161132812500e+02
5.087074584960937500e+02
4.536863403320312500e+02
4.603510437011718750e+02
4.770425720214843750e+02
5.105422973632812500e+02
4.844749755859375000e+02
4.264871520996093750e+02
4.117826232910156250e+02
5.000130004882812500e+02
5.714049072265625000e+02
5.500693969726562500e+02
4.513491516113281250e+02
3.753985900878906250e+02
4.264052124023437500e+02
4.764573974609375000e+02
5.243490600585937500e+02
5.117911376953125000e+02
4.928297424316406250e+02
4.657594909667968750e+02
4.163430480957031250e+02
3.779697875976562500e+02
3.764049987792968750e+02
3.898823242187500000e+02
4.466491088867187500e+02
4.804712829589843750e+02
5.164332275390625000e+02
4.574983215332031250e+02
4.322419128417968750e+02
4.352891540527343750e+02
5.033664245605468750e+02
4.785772094726562500e+02
4.482909545898437500e+02
3.744090576171875000e+02
3.665821228027343750e+02
3.815314025878906250e+02
4.283970642089843750e+02
4.650772094726562500e+02
4.382288818359375000e+02
4.093789062500000000e+02
3.935034179687500000e+02
3.823711547851562500e+02
3.985885620117187500e+02
4.494024047851562500e+02
4.472195739746093750e+02
4.738323974609375000e+02
4.318917846679687500e+02
5.217703857421875000e+02
5.036270446777343750e+02
4.805892639160156250e+02
4.077111511230468750e+02
4.087139282226562500e+02
4.020421447753906250e+02
3.666951904296875000e+02
3.932107238769531250e+02
3.771846618652343750e+02
4.200670471191406250e+02
3.567242736816406250e+02
3.820313415527343750e+02
4.180267028808593750e+02
4.435268249511718750e+02
5.036290283203125000e+02
4.504701232910156250e+02
4.044843750000000000e+02
4.265853576660156250e+02
4.554530334472656250e+02
5.005361022949218750e+02
4.276888427734375000e+02
4.017021484375000000e+02
4.064096069335937500e+02
3.962348327636718750e+02
4.306405639648437500e+02
4.565097351074218750e+02
4.993320007324218750e+02
5.018981323242187500e+02
4.584049377441406250e+02
4.080469665527343750e+02
3.835816955566406250e+02
4.052839965820312500e+02
4.623114318847656250e+02
4.617841796875000000e+02
4.963277282714843750e+02
4.750958251953125000e+02
4.860918884277343750e+02
4.511819458007812500e+02
4.993297729492187500e+02
5.160344848632812500e+02
5.488775024414062500e+02
4.741218872070312500e+02
4.304303894042968750e+02
4.337904052734375000e+02
4.732856140136718750e+02
5.501690673828125000e+02
5.211198730468750000e+02
5.346606445312500000e+02
5.092988281250000000e+02
4.656131591796875000e+02
4.614682617187500000e+02
4.766709594726562500e+02
6.245771484375000000e+02
6.786565551757812500e+02
6.010104980468750000e+02
4.628949584960937500e+02
4.328147888183593750e+02
5.152985839843750000e+02
6.003090209960937500e+02
5.417316894531250000e+02
5.549205932617187500e+02
4.784732971191406250e+02
4.673209533691406250e+02
3.798029174804687500e+02
3.877509155273437500e+02
4.303544006347656250e+02
5.223478393554687500e+02
5.218011474609375000e+02
5.165974731445312500e+02
4.937339782714843750e+02
5.393471679687500000e+02
5.783839111328125000e+02
5.348480834960937500e+02
4.966086120605468750e+02
3.934848022460937500e+02
3.890674438476562500e+02
4.784501342773437500e+02
4.985072937011718750e+02
4.766102294921875000e+02
3.665494689941406250e+02
4.247470703125000000e+02
4.203460388183593750e+02
4.443352661132812500e+02
4.607191162109375000e+02
4.480252990722656250e+02
4.787008972167968750e+02
3.783720092773437500e+02
4.348592529296875000e+02
3.828390502929687500e+02
3.706838073730468750e+02
3.697527770996093750e+02
4.071130676269531250e+02
4.439226989746093750e+02
3.855980224609375000e+02
3.672394714355468750e+02
4.106383972167968750e+02
4.641288146972656250e+02
4.547519531250000000e+02
4.475488891601562500e+02
5.245708007812500000e+02
5.636869506835937500e+02
5.362705078125000000e+02
4.581948852539062500e+02
4.514817810058593750e+02
5.133006591796875000e+02
4.142870788574218750e+02
3.958636779785156250e+02
4.163408813476562500e+02
5.534197387695312500e+02
5.126138916015625000e+02
4.192336120605468750e+02
4.725055236816406250e+02
5.437244873046875000e+02
5.764965209960937500e+02
4.515153503417968750e+02
3.466515808105468750e+02
3.116035766601562500e+02
2.937885437011718750e+02
3.395844421386718750e+02
3.766589050292968750e+02
3.911405334472656250e+02
3.565289916992187500e+02
3.350366210937500000e+02
3.559202270507812500e+02
4.189052429199218750e+02
4.321238708496093750e+02
4.736310119628906250e+02
5.420034790039062500e+02
6.048410644531250000e+02
6.072205810546875000e+02
5.589385986328125000e+02
4.271398010253906250e+02
4.056194458007812500e+02
3.603346862792968750e+02
4.570769653320312500e+02
4.541610717773437500e+02
5.251704711914062500e+02
4.818784484863281250e+02
4.865164184570312500e+02
4.344734802246093750e+02
5.057901306152343750e+02
4.645370788574218750e+02
4.204892578125000000e+02
4.106965026855468750e+02
4.688363952636718750e+02
4.973666687011718750e+02
3.809584045410156250e+02
3.450111389160156250e+02
3.395217895507812500e+02
4.171766357421875000e+02
4.215937194824218750e+02
4.618815612792968750e+02
4.261593322753906250e+02
4.627983398437500000e+02
4.825260314941406250e+02
4.719216003417968750e+02
4.034251098632812500e+02
2.811212158203125000e+02
2.956950988769531250e+02
3.657795715332031250e+02
4.999562683105468750e+02
5.489735107421875000e+02
4.905855712890625000e+02
4.759362182617187500e+02
4.617402038574218750e+02
4.476892700195312500e+02
3.774405517578125000e+02
3.289834594726562500e+02
3.333164672851562500e+02
3.473857116699218750e+02
3.786315612792968750e+02
4.279656372070312500e+02
5.348453979492187500e+02
4.882103881835937500e+02
4.753804321289062500e+02
3.848323364257812500e+02
4.202008056640625000e+02
4.340849609375000000e+02
4.545209045410156250e+02
4.442361145019531250e+02
3.847305297851562500e+02
3.596267395019531250e+02
3.611740417480468750e+02
4.184833374023437500e+02
4.163248291015625000e+02
4.303511657714843750e+02
4.101470642089843750e+02
3.976090698242187500e+02
3.808822631835937500e+02
3.625596923828125000e+02
4.243794250488281250e+02
4.717404479980468750e+02
4.312439880371093750e+02
4.040043945312500000e+02
3.617620544433593750e+02
4.389638061523437500e+02
4.077762451171875000e+02
4.140473022460937500e+02
4.058308715820312500e+02
3.859149475097656250e+02
4.506347961425781250e+02
4.634787292480468750e+02
4.955074157714843750e+02
4.176032104492187500e+02
4.330904846191406250e+02
4.083774414062500000e+02
4.639662475585937500e+02
4.091365356445312500e+02
4.100319519042968750e+02
3.932078552246093750e+02
4.329873962402343750e+02
4.718397216796875000e+02
4.437527465820312500e+02
3.991604919433593750e+02
3.877545776367187500e+02
3.860416564941406250e+02
3.491776428222656250e+02
3.648193664550781250e+02
3.759772033691406250e+02
4.543541564941406250e+02
4.576987304687500000e+02
5.078540344238281250e+02
4.900032043457031250e+02
4.986681823730468750e+02
4.747633361816406250e+02
5.095202026367187500e+02
4.530445861816406250e+02
3.674265747070312500e+02
2.928034057617187500e+02
3.238248901367187500e+02
3.629854125976562500e+02
4.093389282226562500e+02
4.144349670410156250e+02
4.760372009277343750e+02
4.908622436523437500e+02
4.430775756835937500e+02
3.966615905761718750e+02
3.928992919921875000e+02
4.393690795898437500e+02
4.348126220703125000e+02
4.621315002441406250e+02
4.526465454101562500e+02
4.720130310058593750e+02
4.431539916992187500e+02
4.275543823242187500e+02
4.801848754882812500e+02
4.564331054687500000e+02
4.466105346679687500e+02
4.383900756835937500e+02
4.283101806640625000e+02
4.950688781738281250e+02
4.618674926757812500e+02
5.019046936035156250e+02
4.993979492187500000e+02
4.188130493164062500e+02
4.110567932128906250e+02
3.696595458984375000e+02
4.613775024414062500e+02
4.545736999511718750e+02
4.613350219726562500e+02
4.116197204589843750e+02
3.552899475097656250e+02
3.205809326171875000e+02
4.059344482421875000e+02
4.548251342773437500e+02
4.683372192382812500e+02
3.883128662109375000e+02
4.070028076171875000e+02
4.746423645019531250e+02
4.910998840332031250e+02
4.320334167480468750e+02
4.208524169921875000e+02
4.341513366699218750e+02
4.594135131835937500e+02
4.098497924804687500e+02
4.018452758789062500e+02
3.637807617187500000e+02
4.265067749023437500e+02
4.697638549804687500e+02
5.903881225585937500e+02
5.163392333984375000e+02
4.784051513671875000e+02
3.821272583007812500e+02
4.614859619140625000e+02
4.744270935058593750e+02
4.933486328125000000e+02
4.377152099609375000e+02
4.526889343261718750e+02
4.755614013671875000e+02
4.537408752441406250e+02
4.485583801269531250e+02
4.500108337402343750e+02
4.671968688964843750e+02
4.972256469726562500e+02
4.732139892578125000e+02
5.162077636718750000e+02
4.815251159667968750e+02
5.377354736328125000e+02
5.063601379394531250e+02
4.995087890625000000e+02
4.795014343261718750e+02
4.661146850585937500e+02
4.471181640625000000e+02
4.610815734863281250e+02
4.603267211914062500e+02
5.182174072265625000e+02
4.769428405761718750e+02
5.186935424804687500e+02
4.607056884765625000e+02
4.750155029296875000e+02
4.364504699707031250e+02
4.386703186035156250e+02
4.095865478515625000e+02
4.324227600097656250e+02
4.102452392578125000e+02
4.543754882812500000e+02
4.111752929687500000e+02
4.403811340332031250e+02
4.275484924316406250e+02
4.384556579589843750e+02
4.415413208007812500e+02
4.575217895507812500e+02
4.677717895507812500e+02
4.707026672363281250e+02
4.463090515136718750e+02
4.463640747070312500e+02
3.970883483886718750e+02
4.067250366210937500e+02
4.426304931640625000e+02
4.921528320312500000e+02
5.032398071289062500e+02
4.871686706542968750e+02
5.182291870117187500e+02
5.121822509765625000e+02
5.364519653320312500e+02
5.283922729492187500e+02
5.654771118164062500e+02
5.744938964843750000e+02
5.722845458984375000e+02
5.327235717773437500e+02
5.328640747070312500e+02
5.170932617187500000e+02
5.262418823242187500e+02
5.225198974609375000e+02
5.974629516601562500e+02
6.291911621093750000e+02
6.530488281250000000e+02
6.157501220703125000e+02
5.762464599609375000e+02
5.542638549804687500e+02
5.625379638671875000e+02
5.695538940429687500e+02
5.909061889648437500e+02
5.673802490234375000e+02
5.937293090820312500e+02
5.572319946289062500e+02
5.641018676757812500e+02
5.674296264648437500e+02
5.895564575195312500e+02
6.020813598632812500e+02
5.794191284179687500e+02
5.818654174804687500e+02
5.752876586914062500e+02
6.025636596679687500e+02
6.213613891601562500e+02
5.859519653320312500e+02
5.334385986328125000e+02
5.214979248046875000e+02
5.629697875976562500e+02
5.584111938476562500e+02
5.393696899414062500e+02
5.256772460937500000e+02
5.259164428710937500e+02
5.105176086425781250e+02
4.941896057128906250e+02
4.968055114746093750e+02
4.773795166015625000e+02
4.753170471191406250e+02
4.929068298339843750e+02
5.383665771484375000e+02
5.471024780273437500e+02
5.727576293945312500e+02
5.723675537109375000e+02
5.854879760742187500e+02
5.703154296875000000e+02
5.891670532226562500e+02
5.999421997070312500e+02
6.551385498046875000e+02
6.119242553710937500e+02
5.822546997070312500e+02
5.407108154296875000e+02
5.501566772460937500e+02
5.639422607421875000e+02
5.853990478515625000e+02
6.273649902343750000e+02
6.504732055664062500e+02
6.260857543945312500e+02
6.084782714843750000e+02
5.736431884765625000e+02
5.851439208984375000e+02
5.660267333984375000e+02
5.743321533203125000e+02
5.754498901367187500e+02
6.155328979492187500e+02
6.214774780273437500e+02
6.009615478515625000e+02
5.798862915039062500e+02
5.672326660156250000e+02
5.883529052734375000e+02
5.716117553710937500e+02
5.967582397460937500e+02
5.989163818359375000e+02
5.939251708984375000e+02
5.816740722656250000e+02
5.204110107421875000e+02
5.198845214843750000e+02
4.926664123535156250e+02
5.360956420898437500e+02
5.547167968750000000e+02
6.066055908203125000e+02
6.122533569335937500e+02
5.999932250976562500e+02
5.421234130859375000e+02
5.500592651367187500e+02
5.542105712890625000e+02
5.575750122070312500e+02
5.690029296875000000e+02
5.417532958984375000e+02
5.553787231445312500e+02
5.264830322265625000e+02
5.395633544921875000e+02
5.641863403320312500e+02
5.903485107421875000e+02
5.897466430664062500e+02
5.935690917968750000e+02
5.681270141601562500e+02
5.708246459960937500e+02
5.540776977539062500e+02
5.484472045898437500e+02
5.571513061523437500e+02
5.381895751953125000e+02
5.445464477539062500e+02
5.389396362304687500e+02
5.541292724609375000e+02
5.336295166015625000e+02
5.340280761718750000e+02
5.162821655273437500e+02
5.330437011718750000e+02
5.149000854492187500e+02
5.504603271484375000e+02
5.679573364257812500e+02
5.923505249023437500e+02
5.989674682617187500e+02
6.068214721679687500e+02
6.417737426757812500e+02
6.595917968750000000e+02
7.136034545898437500e+02
6.988016967773437500e+02
7.291306152343750000e+02
7.262830810546875000e+02
7.462362060546875000e+02
7.071530151367187500e+02
6.437281494140625000e+02
6.202152709960937500e+02
6.479515991210937500e+02
7.038236083984375000e+02
7.083690795898437500e+02
7.126867675781250000e+02
7.180420532226562500e+02
7.242354125976562500e+02
7.060966796875000000e+02
6.600845336914062500e+02
6.543975830078125000e+02
5.998015747070312500e+02
5.907564086914062500e+02
5.725078125000000000e+02
6.129920043945312500e+02
6.047522583007812500e+02
6.166179809570312500e+02
5.993697509765625000e+02
6.366149902343750000e+02
6.390360107421875000e+02
6.745132446289062500e+02
6.398312988281250000e+02
6.247998046875000000e+02
5.904011230468750000e+02
5.954916381835937500e+02
6.317266235351562500e+02
6.659881591796875000e+02
6.535482788085937500e+02
6.403275756835937500e+02
6.044276123046875000e+02
6.185005493164062500e+02
6.313369750976562500e+02
6.644087524414062500e+02
6.520334472656250000e+02
6.058284301757812500e+02
6.036063842773437500e+02
6.336900024414062500e+02
7.476528930664062500e+02
7.333997192382812500e+02
7.538231811523437500e+02
6.585899047851562500e+02
6.698280639648437500e+02
6.552719116210937500e+02
6.487118530273437500e+02
6.300779418945312500e+02
5.921071777343750000e+02
6.039037475585937500e+02
6.394705810546875000e+02
6.240950317382812500e+02
6.313336181640625000e+02
5.638489990234375000e+02
5.762552490234375000e+02
5.678946533203125000e+02
5.856623535156250000e+02
6.298190917968750000e+02
6.197510375976562500e+02
6.402183837890625000e+02
6.018487548828125000e+02
5.863884887695312500e+02
5.903787231445312500e+02
5.953784790039062500e+02
5.974479980468750000e+02
5.870972900390625000e+02
5.535891723632812500e+02
5.665427246093750000e+02
5.712050781250000000e+02
6.574685668945312500e+02
7.042041625976562500e+02
7.022520141601562500e+02
6.551198730468750000e+02
6.320093383789062500e+02
6.666802368164062500e+02
6.819996948242187500e+02
6.500073852539062500e+02
6.215829467773437500e+02
5.875601196289062500e+02
6.330446777343750000e+02
6.379054565429687500e+02
6.593904418945312500e+02
6.169735717773437500e+02
5.854697265625000000e+02
6.206700439453125000e+02
6.402326660156250000e+02
6.539606933593750000e+02
6.050379028320312500e+02
6.225255737304687500e+02
5.895796508789062500e+02
5.765855102539062500e+02
5.456187133789062500e+02
5.610145874023437500e+02
5.586121826171875000e+02
5.246737670898437500e+02
5.048541564941406250e+02
5.020890502929687500e+02
5.127990112304687500e+02
5.139763793945312500e+02
5.045352172851562500e+02
5.511002197265625000e+02
5.918421630859375000e+02
6.480292968750000000e+02
6.214918212890625000e+02
6.019592895507812500e+02
5.762446899414062500e+02
5.768181762695312500e+02
5.982174682617187500e+02
6.538770141601562500e+02
7.246682739257812500e+02
7.310572509765625000e+02
6.623954467773437500e+02
6.131137084960937500e+02
6.331194458007812500e+02
6.371842041015625000e+02
6.604828491210937500e+02
6.159287109375000000e+02
6.206829833984375000e+02
5.637662353515625000e+02
5.950897827148437500e+02
6.318567504882812500e+02
6.381801147460937500e+02
6.129244384765625000e+02
5.825194702148437500e+02
6.080797119140625000e+02
6.077030639648437500e+02
6.244343872070312500e+02
6.053171997070312500e+02
5.799882812500000000e+02
5.796824951171875000e+02
5.687699584960937500e+02
6.227624511718750000e+02
6.323013916015625000e+02
6.422646484375000000e+02
6.109722900390625000e+02
6.004637451171875000e+02
5.753770141601562500e+02
5.942513427734375000e+02
5.908679809570312500e+02
6.080798339843750000e+02
6.007503051757812500e+02
5.575302734375000000e+02
5.502067260742187500e+02
5.394718017578125000e+02
5.778140258789062500e+02
6.077759399414062500e+02
6.528590087890625000e+02
6.539386596679687500e+02
6.548161010742187500e+02
6.199315795898437500e+02
6.256959228515625000e+02
5.972672729492187500e+02
5.966141967773437500e+02
5.760887451171875000e+02
5.781358642578125000e+02
5.756375122070312500e+02
6.313914184570312500e+02
6.708458251953125000e+02
6.795770874023437500e+02
6.800499877929687500e+02
6.790500488281250000e+02
6.501365966796875000e+02
5.878303833007812500e+02
6.255297241210937500e+02
6.805226440429687500e+02
6.882224731445312500e+02
6.670040283203125000e+02
6.701737060546875000e+02
6.949792480468750000e+02
6.701546020507812500e+02
6.573076782226562500e+02
6.071193237304687500e+02
6.235291748046875000e+02
5.988220825195312500e+02
6.371647949218750000e+02
5.934288940429687500e+02
6.620527343750000000e+02
6.411451416015625000e+02
6.539935302734375000e+02
5.660723266601562500e+02
6.008800659179687500e+02
5.929268798828125000e+02
6.225330810546875000e+02
6.268768310546875000e+02
6.372210083007812500e+02
6.480006103515625000e+02
6.181016235351562500e+02
6.338469848632812500e+02
6.419500732421875000e+02
6.737731323242187500e+02
6.570178833007812500e+02
6.560708618164062500e+02
6.251743774414062500e+02
6.666533203125000000e+02
6.403425292968750000e+02
6.461193847656250000e+02
6.208914794921875000e+02
6.121199340820312500e+02
5.847435913085937500e+02
6.098824462890625000e+02
6.195532836914062500e+02
6.435334472656250000e+02
6.086862182617187500e+02
5.767061157226562500e+02
6.028485717773437500e+02
6.106697998046875000e+02
6.519854736328125000e+02
6.184782714843750000e+02
6.199940185546875000e+02
5.980497436523437500e+02
6.461490478515625000e+02
6.376151733398437500e+02
6.373604736328125000e+02
6.255461425781250000e+02
6.781040649414062500e+02
7.517831420898437500e+02
7.156140747070312500e+02
6.676383056640625000e+02
6.144189453125000000e+02
6.485380249023437500e+02
6.557020874023437500e+02
7.022139892578125000e+02
7.266549072265625000e+02
7.026710815429687500e+02
6.613341674804687500e+02
6.537380981445312500e+02
6.962532958984375000e+02
7.311088256835937500e+02
7.161690063476562500e+02
7.305541381835937500e+02
7.419067993164062500e+02
7.754177856445312500e+02
7.832009887695312500e+02
7.628916015625000000e+02
7.054357299804687500e+02
6.866985473632812500e+02
6.469186401367187500e+02
6.758073730468750000e+02
6.977031860351562500e+02
7.194103393554687500e+02
7.049651489257812500e+02
6.357153930664062500e+02
6.268564453125000000e+02
5.868466796875000000e+02
5.847206420898437500e+02
5.385357055664062500e+02
5.397122192382812500e+02
6.039826049804687500e+02
6.600249633789062500e+02
6.884655761718750000e+02
6.591465454101562500e+02
6.218008422851562500e+02
6.301543579101562500e+02
6.356368408203125000e+02
6.629559936523437500e+02
6.492927246093750000e+02
6.041718139648437500e+02
6.123759155273437500e+02
6.081765747070312500e+02
6.315984497070312500e+02
5.907051391601562500e+02
5.963773803710937500e+02
5.945062255859375000e+02
5.970783691406250000e+02
5.824150390625000000e+02
5.539097900390625000e+02
5.566257934570312500e+02
5.647189941406250000e+02
5.892344360351562500e+02
6.142960815429687500e+02
6.138087768554687500e+02
6.049083251953125000e+02
6.119569702148437500e+02
6.557531127929687500e+02
6.785283813476562500e+02
6.895557250976562500e+02
6.676075439453125000e+02
7.220830688476562500e+02
7.515076293945312500e+02
7.568114013671875000e+02
7.093909912109375000e+02
6.709293823242187500e+02
6.929549560546875000e+02
7.040062866210937500e+02
7.291703491210937500e+02
7.218023681640625000e+02
7.500163574218750000e+02
7.694031372070312500e+02
7.594054565429687500e+02
7.393565673828125000e+02
7.143796386718750000e+02
7.367634887695312500e+02
7.250517578125000000e+02
6.793519287109375000e+02
7.294321899414062500e+02
7.530304565429687500e+02
7.916089477539062500e+02
6.911392822265625000e+02
6.704338378906250000e+02
6.384060668945312500e+02
6.516366577148437500e+02
6.165861206054687500e+02
6.418804321289062500e+02
6.674221191406250000e+02
6.610439453125000000e+02
6.448097534179687500e+02
6.194339599609375000e+02
6.410817871093750000e+02
6.416795654296875000e+02
6.300320434570312500e+02
6.135358886718750000e+02
6.149044189453125000e+02
6.283004150390625000e+02
7.077232055664062500e+02
7.383020629882812500e+02
7.283282470703125000e+02
7.296266479492187500e+02
7.107066650390625000e+02
7.186607666015625000e+02
7.255451660156250000e+02
7.352923583984375000e+02
7.593047485351562500e+02
6.864807739257812500e+02
6.784920654296875000e+02
6.612694091796875000e+02
6.595449218750000000e+02
6.807023925781250000e+02
6.872955932617187500e+02
7.017660522460937500e+02
6.706815185546875000e+02
6.790632934570312500e+02
6.782008056640625000e+02
6.699111938476562500e+02
6.386611938476562500e+02
6.399656982421875000e+02
6.391115722656250000e+02
6.467285766601562500e+02
6.545030517578125000e+02
6.849942016601562500e+02
6.852406005859375000e+02
6.763751220703125000e+02
6.618428955078125000e+02
6.789852905273437500e+02
6.605578002929687500e+02
6.069182128906250000e+02
6.028864746093750000e+02
6.100730590820312500e+02
6.756652221679687500e+02
6.402753906250000000e+02
5.839957275390625000e+02
5.637797241210937500e+02
5.597028808593750000e+02
5.818561401367187500e+02
5.762586669921875000e+02
6.036589965820312500e+02
6.120668334960937500e+02
5.901408691406250000e+02
5.991731567382812500e+02
6.342482910156250000e+02
6.595021362304687500e+02
6.459087524414062500e+02
6.578712158203125000e+02
6.765352172851562500e+02
6.958939819335937500e+02
6.852208862304687500e+02
6.731070556640625000e+02
6.408466796875000000e+02
6.298126220703125000e+02
6.317012329101562500e+02
6.444207763671875000e+02
6.359855346679687500e+02
6.277376098632812500e+02
6.466762084960937500e+02
6.338290405273437500e+02
6.181226806640625000e+02
5.910733032226562500e+02
6.062393798828125000e+02
5.935860595703125000e+02
5.829462890625000000e+02
5.762978515625000000e+02
5.748245849609375000e+02
5.854851684570312500e+02
5.898975219726562500e+02
6.055518188476562500e+02
6.072225341796875000e+02
5.851519775390625000e+02
6.154919433593750000e+02
6.195312500000000000e+02
6.304851684570312500e+02
6.407886352539062500e+02
6.640614013671875000e+02
6.541160888671875000e+02
6.217472534179687500e+02
5.907775268554687500e+02
5.871245727539062500e+02
5.606868286132812500e+02
5.531752319335937500e+02
5.576058959960937500e+02
5.960008544921875000e+02
6.178237915039062500e+02
6.257294311523437500e+02
6.154571533203125000e+02
5.807715454101562500e+02
5.412155151367187500e+02
5.428070068359375000e+02
6.182096557617187500e+02
7.107457275390625000e+02
7.104913330078125000e+02
6.800590209960937500e+02
6.085313720703125000e+02
5.905961303710937500e+02
5.600701904296875000e+02
5.651041870117187500e+02
4.995278320312500000e+02
4.457396850585937500e+02
3.513665466308593750e+02
3.139731750488281250e+02
2.713381958007812500e+02
2.770210571289062500e+02
2.854852600097656250e+02
2.878705749511718750e+02
2.920597839355468750e+02
2.933857727050781250e+02
2.938676452636718750e+02
2.940118103027343750e+02
2.940118103027343750e+02
2.940118103027343750e+02
2.939432373046875000e+02
2.939432373046875000e+02
2.939432373046875000e+02
2.940118103027343750e+02
2.940118103027343750e+02
2.940118103027343750e+02
2.940118103027343750e+02
2.940118103027343750e+02
2.940118103027343750e+02
2.940118103027343750e+02
2.940118103027343750e+02
2.940118103027343750e+02
2.940118103027343750e+02
2.940118103027343750e+02
2.940118103027343750e+02
2.940118103027343750e+02
2.940118103027343750e+02
2.940118103027343750e+02
2.940118103027343750e+02
2.940118103027343750e+02
2.940118103027343750e+02
2.940118103027343750e+02
2.940118103027343750e+02
2.940118103027343750e+02
2.940118103027343750e+02
2.940118103027343750e+02
2.940118103027343750e+02
2.940118103027343750e+02
2.940118103027343750e+02
2.940118103027343750e+02
2.940118103027343750e+02
2.940118103027343750e+02
2.940118103027343750e+02
2.940118103027343750e+02
2.940118103027343750e+02
2.940118103027343750e+02
2.940118103027343750e+02
2.940118103027343750e+02
2.940118103027343750e+02
2.940118103027343750e+02
2.940118103027343750e+02
2.940118103027343750e+02
2.940118103027343750e+02
2.940118103027343750e+02
2.940118103027343750e+02
2.940118103027343750e+02
2.940118103027343750e+02
2.940118103027343750e+02
2.940118103027343750e+02
2.940118103027343750e+02
2.940118103027343750e+02
2.940118103027343750e+02
2.940118103027343750e+02
2.940118103027343750e+02
2.940118103027343750e+02
2.940118103027343750e+02
2.940118103027343750e+02
2.940118103027343750e+02
2.940118103027343750e+02
2.940118103027343750e+02
2.940118103027343750e+02
2.940118103027343750e+02
2.940118103027343750e+02
2.940118103027343750e+02
2.940118103027343750e+02
2.940118103027343750e+02
2.940118103027343750e+02
2.940118103027343750e+02
2.940118103027343750e+02
2.940118103027343750e+02
2.940118103027343750e+02
2.940118103027343750e+02
2.940118103027343750e+02
2.940118103027343750e+02
2.940118103027343750e+02
2.940118103027343750e+02
2.940118103027343750e+02
2.940118103027343750e+02
2.940118103027343750e+02
2.940118103027343750e+02
2.940118103027343750e+02
2.940118103027343750e+02
2.940118103027343750e+02
2.940118103027343750e+02
2.940118103027343750e+02
2.940118103027343750e+02
2.940118103027343750e+02
2.940118103027343750e+02
2.940118103027343750e+02
2.940118103027343750e+02
2.940118103027343750e+02
2.940118103027343750e+02
2.940118103027343750e+02
2.940118103027343750e+02
2.940118103027343750e+02
2.940118103027343750e+02
2.940118103027343750e+02
2.940118103027343750e+02
2.940118103027343750e+02
2.940118103027343750e+02
2.940118103027343750e+02
2.940118103027343750e+02
2.940118103027343750e+02
2.940118103027343750e+02
2.940118103027343750e+02
2.940118103027343750e+02
2.940118103027343750e+02
2.940118103027343750e+02
2.940118103027343750e+02
2.940118103027343750e+02
2.940118103027343750e+02
2.940118103027343750e+02
2.940118103027343750e+02
2.940118103027343750e+02
2.940118103027343750e+02
2.940118103027343750e+02
2.940118103027343750e+02
2.940118103027343750e+02
2.940118103027343750e+02
2.940118103027343750e+02
2.940118103027343750e+02
2.940118103027343750e+02
2.940118103027343750e+02
2.940118103027343750e+02
2.940118103027343750e+02
2.940118103027343750e+02
2.888536987304687500e+02
2.888536987304687500e+02
2.888536987304687500e+02
2.940118103027343750e+02
2.940118103027343750e+02
2.940118103027343750e+02
2.940118103027343750e+02
2.940118103027343750e+02
2.940118103027343750e+02
2.940118103027343750e+02
2.940118103027343750e+02
2.940118103027343750e+02
2.940118103027343750e+02
2.940118103027343750e+02
2.940118103027343750e+02
2.940118103027343750e+02
2.940118103027343750e+02
2.940118103027343750e+02
2.940118103027343750e+02
2.940118103027343750e+02
2.940118103027343750e+02
2.940118103027343750e+02
2.940118103027343750e+02
2.940118103027343750e+02
2.940118103027343750e+02
2.940118103027343750e+02
2.940118103027343750e+02
2.940118103027343750e+02
2.940118103027343750e+02
2.940118103027343750e+02
2.940118103027343750e+02
2.940118103027343750e+02
2.940118103027343750e+02
2.940118103027343750e+02
2.940118103027343750e+02
2.940118103027343750e+02
2.940118103027343750e+02
2.940118103027343750e+02
2.940118103027343750e+02
2.940118103027343750e+02
2.940118103027343750e+02
2.940118103027343750e+02
2.940118103027343750e+02
2.940118103027343750e+02
2.940118103027343750e+02
2.940118103027343750e+02
2.940118103027343750e+02
2.940118103027343750e+02
2.940118103027343750e+02
2.940118103027343750e+02
2.940118103027343750e+02
2.940118103027343750e+02
2.940118103027343750e+02
2.940118103027343750e+02
2.888536987304687500e+02
2.826640014648437500e+02
2.816323852539062500e+02
2.857588500976562500e+02
2.878221130371093750e+02
2.888536987304687500e+02
2.878221130371093750e+02
2.919485778808593750e+02
2.919485778808593750e+02
2.940118103027343750e+02
2.940118103027343750e+02
2.940118103027343750e+02
2.888536987304687500e+02
2.888536987304687500e+02
2.888536987304687500e+02
2.940118103027343750e+02
2.940118103027343750e+02
2.940118103027343750e+02
2.940118103027343750e+02
2.929801940917968750e+02
2.929801940917968750e+02
2.929801940917968750e+02
2.940118103027343750e+02
2.940118103027343750e+02
2.940118103027343750e+02
2.940118103027343750e+02
2.940118103027343750e+02
2.940118103027343750e+02
2.940118103027343750e+02
2.940118103027343750e+02
2.909169616699218750e+02
2.909169616699218750e+02
2.867904968261718750e+02
2.888536987304687500e+02
