1.980568847656250000e+02
2.167756347656250000e+02
2.230274200439453125e+02
2.261036529541015625e+02
2.511368255615234375e+02
2.441682586669921875e+02
2.446637268066406250e+02
2.211161956787109375e+02
2.241954040527343750e+02
2.413261871337890625e+02
2.339406890869140625e+02
2.345383453369140625e+02
2.196666564941406250e+02
2.429835357666015625e+02
2.833887329101562500e+02
3.017198486328125000e+02
2.799358825683593750e+02
2.551014709472656250e+02
2.226662902832031250e+02
2.294807891845703125e+02
2.219008789062500000e+02
2.436191558837890625e+02
2.498899230957031250e+02
2.438208770751953125e+02
2.448848266601562500e+02
2.363633117675781250e+02
2.379841156005859375e+02
2.288765258789062500e+02
2.293864593505859375e+02
2.372809295654296875e+02
2.587969970703125000e+02
2.537581176757812500e+02
2.610690307617187500e+02
2.355202484130859375e+02
2.410718231201171875e+02
2.287900390625000000e+02
2.398745269775390625e+02
2.386853485107421875e+02
2.415923156738281250e+02
2.307064514160156250e+02
2.405828399658203125e+02
2.308866119384765625e+02
2.246292114257812500e+02
2.257838439941406250e+02
2.414787597656250000e+02
2.682324523925781250e+02
2.793730163574218750e+02
2.610098876953125000e+02
2.322925720214843750e+02
2.179167938232421875e+02
2.152341766357421875e+02
2.307503356933593750e+02
2.399493255615234375e+02
2.667527160644531250e+02
2.683366394042968750e+02
2.453588409423828125e+02
2.333780059814453125e+02
2.315227203369140625e+02
2.455045013427734375e+02
2.785853576660156250e+02
2.733239135742187500e+02
2.742194519042968750e+02
2.422384185791015625e+02
2.466297454833984375e+02
2.521648559570312500e+02
2.565170593261718750e+02
2.758103637695312500e+02
2.691894836425781250e+02
2.744153137207031250e+02
2.731021423339843750e+02
2.722545166015625000e+02
2.558618011474609375e+02
2.975178527832031250e+02
3.202647094726562500e+02
3.425526733398437500e+02
2.856891784667968750e+02
2.703445434570312500e+02
2.554073791503906250e+02
2.641596984863281250e+02
2.472279663085937500e+02
2.443099060058593750e+02
2.302935180664062500e+02
2.389147644042968750e+02
2.513944244384765625e+02
2.522674407958984375e+02
2.800812072753906250e+02
2.680264282226562500e+02
2.988270874023437500e+02
2.721188354492187500e+02
2.942135314941406250e+02
2.791903076171875000e+02
2.818663635253906250e+02
2.971915893554687500e+02
3.010304870605468750e+02
2.957627258300781250e+02
2.707363891601562500e+02
2.452830047607421875e+02
2.538797454833984375e+02
2.360928649902343750e+02
2.389267425537109375e+02
2.328009948730468750e+02
2.538525085449218750e+02
2.716855773925781250e+02
2.876052551269531250e+02
2.749225158691406250e+02
2.768662109375000000e+02
2.614014587402343750e+02
2.722658996582031250e+02
2.751962585449218750e+02
2.948569641113281250e+02
2.908621520996093750e+02
2.865230712890625000e+02
2.931084289550781250e+02
2.886480407714843750e+02
2.820023498535156250e+02
2.799571228027343750e+02
2.985374450683593750e+02
3.306452941894531250e+02
3.219632263183593750e+02
2.975377807617187500e+02
2.639343566894531250e+02
2.554668121337890625e+02
2.816438598632812500e+02
2.977532653808593750e+02
2.920631103515625000e+02
2.837678527832031250e+02
2.588021240234375000e+02
2.468929748535156250e+02
2.517546844482421875e+02
2.757746887207031250e+02
2.911969299316406250e+02
2.807543029785156250e+02
2.781441040039062500e+02
3.065620422363281250e+02
2.988982849121093750e+02
2.818976440429687500e+02
2.494967803955078125e+02
2.559478607177734375e+02
2.812948913574218750e+02
2.967917175292968750e+02
2.996841430664062500e+02
3.148141784667968750e+02
3.350268554687500000e+02
3.598087158203125000e+02
3.574140625000000000e+02
3.328179626464843750e+02
3.102013244628906250e+02
3.035347290039062500e+02
3.028114318847656250e+02
2.917686157226562500e+02
2.825574035644531250e+02
2.996553649902343750e+02
2.891998596191406250e+02
2.706604309082031250e+02
2.602739868164062500e+02
2.670496520996093750e+02
2.747107849121093750e+02
2.730294189453125000e+02
2.894020690917968750e+02
2.948015441894531250e+02
3.135355834960937500e+02
3.242516479492187500e+02
3.024810791015625000e+02
2.967406311035156250e+02
2.748481140136718750e+02
3.346570434570312500e+02
2.936625366210937500e+02
3.166171875000000000e+02
2.852230529785156250e+02
3.395829162597656250e+02
3.147836914062500000e+02
3.092201538085937500e+02
3.017281188964843750e+02
3.415667419433593750e+02
3.530103454589843750e+02
3.480285949707031250e+02
3.405565185546875000e+02
3.318774108886718750e+02
3.034121093750000000e+02
2.985044250488281250e+02
2.873567810058593750e+02
3.253955078125000000e+02
3.209135742187500000e+02
3.257044677734375000e+02
2.990991821289062500e+02
3.077644348144531250e+02
3.255797424316406250e+02
3.063373107910156250e+02
3.055155944824218750e+02
2.986253967285156250e+02
3.210007019042968750e+02
3.221596069335937500e+02
3.081970825195312500e+02
3.272204895019531250e+02
3.105711975097656250e+02
3.006130981445312500e+02
2.913051452636718750e+02
2.944995117187500000e+02
3.134266357421875000e+02
3.039755249023437500e+02
2.870072326660156250e+02
2.958646545410156250e+02
3.082104797363281250e+02
3.344868469238281250e+02
3.044442138671875000e+02
3.169765319824218750e+02
2.866038818359375000e+02
2.892798767089843750e+02
2.602968444824218750e+02
2.840972900390625000e+02
3.090791320800781250e+02
2.909647827148437500e+02
2.785216979980468750e+02
2.799301147460937500e+02
3.109367980957031250e+02
3.088323059082031250e+02
2.875639953613281250e+02
2.666800231933593750e+02
3.023326721191406250e+02
3.229805297851562500e+02
3.294999389648437500e+02
2.847541809082031250e+02
2.782182617187500000e+02
2.676737670898437500e+02
2.918693237304687500e+02
2.994356689453125000e+02
3.083833312988281250e+02
3.139650573730468750e+02
3.584259338378906250e+02
3.520094604492187500e+02
3.306642456054687500e+02
2.579494323730468750e+02
2.635995483398437500e+02
2.769025268554687500e+02
3.032831420898437500e+02
3.237304077148437500e+02
3.271938781738281250e+02
3.292858276367187500e+02
3.133913269042968750e+02
3.144111938476562500e+02
3.099588317871093750e+02
3.235054931640625000e+02
3.045283813476562500e+02
3.123153991699218750e+02
3.056798095703125000e+02
3.068890686035156250e+02
2.887935791015625000e+02
2.779928588867187500e+02
2.691990051269531250e+02
2.637054443359375000e+02
2.757554321289062500e+02
3.018672485351562500e+02
3.051945495605468750e+02
3.024587707519531250e+02
2.717011413574218750e+02
2.703578796386718750e+02
2.798834838867187500e+02
2.918092041015625000e+02
2.956529846191406250e+02
2.905531921386718750e+02
3.000161437988281250e+02
2.997882080078125000e+02
2.985310974121093750e+02
3.224010620117187500e+02
3.346934509277343750e+02
3.578140258789062500e+02
3.292733764648437500e+02
3.090079345703125000e+02
2.741368103027343750e+02
2.917381591796875000e+02
3.125781860351562500e+02
3.354603576660156250e+02
3.290984802246093750e+02
3.194632263183593750e+02
3.096976928710937500e+02
3.184643249511718750e+02
3.210929260253906250e+02
3.142144470214843750e+02
3.050794067382812500e+02
3.057694702148437500e+02
3.127860107421875000e+02
3.121169128417968750e+02
3.019320983886718750e+02
2.973228454589843750e+02
3.117290344238281250e+02
3.110438232421875000e+02
3.073284912109375000e+02
3.011324768066406250e+02
3.158980102539062500e+02
3.509809875488281250e+02
3.268122863769531250e+02
3.033283996582031250e+02
2.747655334472656250e+02
2.755950622558593750e+02
2.773391723632812500e+02
2.565447998046875000e+02
2.445719757080078125e+02
2.484682617187500000e+02
2.862238159179687500e+02
2.841740112304687500e+02
2.901790466308593750e+02
2.781518249511718750e+02
3.012197265625000000e+02
3.050196228027343750e+02
2.901330261230468750e+02
2.767924499511718750e+02
2.800493774414062500e+02
2.801633605957031250e+02
2.818230590820312500e+02
2.726255493164062500e+02
2.899773559570312500e+02
3.228472595214843750e+02
3.260494995117187500e+02
3.188955383300781250e+02
2.894258422851562500e+02
2.926705627441406250e+02
2.922219848632812500e+02
3.177036132812500000e+02
3.151890258789062500e+02
2.977798461914062500e+02
2.910638427734375000e+02
2.921654357910156250e+02
2.974447326660156250e+02
3.012179565429687500e+02
2.867687377929687500e+02
3.112734069824218750e+02
2.812571105957031250e+02
3.086759948730468750e+02
3.089590759277343750e+02
3.196300048828125000e+02
2.994157104492187500e+02
2.879173889160156250e+02
2.947120666503906250e+02
3.119862976074218750e+02
3.052033996582031250e+02
3.134093322753906250e+02
3.285041809082031250e+02
3.271679687500000000e+02
3.188769226074218750e+02
2.818646850585937500e+02
2.949849853515625000e+02
3.305594787597656250e+02
3.432874450683593750e+02
3.457489318847656250e+02
3.109736022949218750e+02
3.125586547851562500e+02
3.029927368164062500e+02
2.927050170898437500e+02
2.717956237792968750e+02
2.659384460449218750e+02
