2.742467956542968750e+02
2.280372772216796875e+02
2.241028289794921875e+02
2.708848876953125000e+02
2.679066772460937500e+02
2.481995239257812500e+02
2.524520416259765625e+02
2.535299377441406250e+02
2.447481231689453125e+02
2.391904602050781250e+02
2.287100830078125000e+02
2.794908447265625000e+02
2.804030151367187500e+02
2.587784729003906250e+02
2.588164672851562500e+02
2.840689086914062500e+02
2.805486450195312500e+02
3.342698974609375000e+02
3.546058044433593750e+02
3.632450561523437500e+02
3.684327697753906250e+02
3.219624633789062500e+02
3.278853149414062500e+02
3.220670776367187500e+02
3.069034729003906250e+02
2.873699340820312500e+02
2.968803100585937500e+02
2.322061767578125000e+02
2.031634826660156250e+02
1.954915008544921875e+02
2.004456634521484375e+02
1.815925445556640625e+02
1.862778930664062500e+02
3.102316589355468750e+02
3.210825805664062500e+02
3.126309204101562500e+02
2.982637023925781250e+02
3.125302124023437500e+02
3.176782836914062500e+02
3.542018127441406250e+02
3.605671691894531250e+02
3.821119384765625000e+02
3.658538513183593750e+02
2.549352722167968750e+02
2.564560852050781250e+02
2.533487854003906250e+02
2.553474426269531250e+02
2.420568542480468750e+02
2.645664978027343750e+02
2.393518524169921875e+02
2.541112518310546875e+02
2.841516723632812500e+02
2.973832397460937500e+02
2.951970825195312500e+02
2.985375366210937500e+02
3.206856079101562500e+02
3.210005798339843750e+02
3.117028198242187500e+02
2.964983520507812500e+02
2.907403259277343750e+02
2.702417907714843750e+02
2.382848815917968750e+02
2.297868652343750000e+02
2.222308044433593750e+02
2.168690490722656250e+02
1.967237396240234375e+02
2.182086639404296875e+02
2.307322998046875000e+02
2.260621032714843750e+02
2.285684814453125000e+02
2.243230285644531250e+02
2.186819305419921875e+02
2.326042175292968750e+02
2.277963562011718750e+02
2.371302795410156250e+02
2.447385711669921875e+02
2.177697296142578125e+02
2.177108917236328125e+02
2.221189270019531250e+02
2.502434539794921875e+02
2.430122985839843750e+02
2.436305389404296875e+02
2.289279327392578125e+02
2.352471008300781250e+02
2.304929962158203125e+02
2.440022277832031250e+02
2.578345336914062500e+02
2.698542480468750000e+02
2.732760620117187500e+02
2.374935607910156250e+02
2.555307922363281250e+02
2.688687133789062500e+02
2.737711791992187500e+02
2.758074340820312500e+02
2.721345825195312500e+02
2.456494445800781250e+02
2.402117614746093750e+02
2.891588439941406250e+02
2.873135375976562500e+02
2.884436035156250000e+02
2.771939086914062500e+02
2.683557128906250000e+02
2.813942871093750000e+02
2.942409973144531250e+02
3.050825500488281250e+02
3.079118347167968750e+02
3.071671752929687500e+02
2.551542663574218750e+02
2.565802612304687500e+02
2.895644836425781250e+02
2.895238647460937500e+02
2.935481872558593750e+02
2.715869140625000000e+02
2.569513549804687500e+02
2.382055664062500000e+02
2.574239807128906250e+02
2.488210906982421875e+02
2.442328186035156250e+02
2.435087432861328125e+02
2.112263488769531250e+02
2.095275878906250000e+02
2.244926300048828125e+02
2.306448516845703125e+02
2.604303894042968750e+02
2.782196044921875000e+02
2.863575744628906250e+02
2.956240539550781250e+02
2.956091918945312500e+02
3.308103942871093750e+02
3.216051025390625000e+02
3.449356079101562500e+02
3.296705017089843750e+02
3.505542907714843750e+02
3.245993652343750000e+02
3.083543090820312500e+02
2.910716552734375000e+02
2.981159667968750000e+02
3.053082580566406250e+02
2.596540222167968750e+02
2.686469726562500000e+02
2.400036163330078125e+02
2.302651824951171875e+02
3.005626525878906250e+02
2.919728393554687500e+02
2.862133483886718750e+02
2.813397216796875000e+02
2.799544677734375000e+02
2.743699340820312500e+02
2.800162963867187500e+02
3.065378417968750000e+02
3.087442321777343750e+02
3.025223083496093750e+02
2.214168243408203125e+02
2.623652343750000000e+02
2.695120239257812500e+02
2.969738159179687500e+02
2.909591064453125000e+02
2.967908630371093750e+02
3.062038269042968750e+02
2.819482421875000000e+02
2.946705932617187500e+02
3.055015258789062500e+02
2.855291137695312500e+02
2.494680480957031250e+02
2.576901855468750000e+02
2.387252502441406250e+02
2.400093994140625000e+02
2.357665557861328125e+02
2.339297180175781250e+02
2.263251953125000000e+02
2.286211395263671875e+02
2.365071105957031250e+02
3.108823242187500000e+02
3.158542785644531250e+02
3.083370056152343750e+02
3.390837402343750000e+02
3.423876953125000000e+02
3.355296020507812500e+02
3.505322875976562500e+02
3.513809509277343750e+02
3.467431945800781250e+02
3.351932067871093750e+02
2.678117065429687500e+02
4.009962768554687500e+02
3.955722961425781250e+02
3.687374267578125000e+02
3.628557739257812500e+02
3.736198120117187500e+02
3.593709716796875000e+02
3.659023742675781250e+02
3.764887695312500000e+02
3.807060852050781250e+02
3.869671936035156250e+02
2.464925079345703125e+02
2.474722595214843750e+02
2.431264190673828125e+02
2.532918243408203125e+02
2.555513458251953125e+02
2.429092559814453125e+02
2.445235137939453125e+02
2.290988006591796875e+02
2.397879180908203125e+02
2.388708190917968750e+02
2.410141143798828125e+02
2.536446838378906250e+02
2.460791320800781250e+02
2.345010223388671875e+02
2.154065399169921875e+02
2.209439392089843750e+02
2.046827545166015625e+02
2.157796173095703125e+02
1.955695495605468750e+02
2.077963867187500000e+02
2.106877746582031250e+02
2.023160552978515625e+02
2.111411437988281250e+02
2.198468017578125000e+02
2.326423797607421875e+02
2.482088928222656250e+02
2.747692565917968750e+02
2.695385131835937500e+02
2.916680603027343750e+02
2.852014465332031250e+02
2.728795776367187500e+02
2.738776550292968750e+02
2.744456481933593750e+02
2.538701934814453125e+02
2.415363769531250000e+02
2.420786590576171875e+02
2.329615936279296875e+02
2.222943572998046875e+02
2.048080291748046875e+02
1.918476104736328125e+02
2.150855712890625000e+02
2.172048797607421875e+02
2.444442138671875000e+02
2.779089050292968750e+02
3.044237365722656250e+02
2.971121520996093750e+02
3.313706665039062500e+02
3.324479370117187500e+02
3.762461853027343750e+02
3.857028503417968750e+02
3.879656677246093750e+02
3.953750610351562500e+02
3.622300415039062500e+02
3.465933837890625000e+02
3.270457153320312500e+02
3.196129760742187500e+02
2.839364624023437500e+02
2.921799926757812500e+02
2.532117614746093750e+02
2.483709716796875000e+02
2.462568817138671875e+02
2.465703430175781250e+02
2.609498901367187500e+02
2.559237365722656250e+02
3.282586059570312500e+02
3.362007141113281250e+02
3.277601928710937500e+02
3.311976623535156250e+02
3.332059631347656250e+02
3.366162719726562500e+02
3.712760314941406250e+02
3.662383117675781250e+02
3.450943908691406250e+02
3.434987182617187500e+02
2.668670043945312500e+02
2.596745300292968750e+02
2.591947326660156250e+02
2.502638854980468750e+02
2.576755371093750000e+02
2.573994140625000000e+02
2.362286071777343750e+02
2.334331970214843750e+02
2.454202880859375000e+02
2.477244567871093750e+02
2.596048889160156250e+02
2.745588378906250000e+02
2.880719299316406250e+02
2.957311401367187500e+02
2.945436401367187500e+02
2.956635131835937500e+02
2.856135253906250000e+02
2.825042724609375000e+02
2.759364624023437500e+02
2.774082946777343750e+02
2.799274902343750000e+02
2.819116210937500000e+02
3.366701049804687500e+02
3.288413696289062500e+02
3.336488952636718750e+02
3.402179565429687500e+02
4.465870056152343750e+02
4.472985839843750000e+02
4.521223144531250000e+02
4.401132812500000000e+02
4.352739257812500000e+02
4.163298950195312500e+02
3.479983520507812500e+02
3.683098754882812500e+02
3.572132873535156250e+02
3.476777343750000000e+02
2.311078643798828125e+02
2.253724365234375000e+02
2.449980773925781250e+02
2.534165344238281250e+02
2.466563415527343750e+02
2.484358825683593750e+02
2.507952423095703125e+02
2.353591613769531250e+02
2.304635925292968750e+02
2.215545959472656250e+02
2.081107940673828125e+02
2.156354980468750000e+02
1.989931030273437500e+02
2.109838867187500000e+02
2.507745666503906250e+02
2.656381530761718750e+02
2.752717895507812500e+02
2.599428100585937500e+02
2.847704467773437500e+02
2.911406860351562500e+02
2.968185119628906250e+02
4.345415039062500000e+02
4.399440307617187500e+02
4.409358825683593750e+02
3.928561096191406250e+02
3.785343017578125000e+02
3.672435607910156250e+02
3.746796875000000000e+02
3.381855163574218750e+02
3.421312561035156250e+02
3.455852050781250000e+02
2.135988464355468750e+02
2.175271911621093750e+02
2.073018493652343750e+02
2.071918487548828125e+02
2.148377990722656250e+02
2.321007537841796875e+02
2.594519958496093750e+02
2.876658630371093750e+02
2.762991027832031250e+02
2.777803344726562500e+02
2.695216674804687500e+02
3.083770446777343750e+02
2.911931762695312500e+02
3.002074279785156250e+02
2.938893737792968750e+02
2.989058227539062500e+02
2.752782897949218750e+02
2.599777832031250000e+02
2.653641662597656250e+02
2.598033752441406250e+02
2.619744567871093750e+02
2.134495391845703125e+02
2.275589294433593750e+02
2.364914245605468750e+02
2.351435546875000000e+02
2.267740020751953125e+02
2.259335021972656250e+02
2.280967102050781250e+02
2.190670166015625000e+02
2.250473632812500000e+02
2.355730285644531250e+02
2.336444549560546875e+02
2.369738311767578125e+02
2.376791992187500000e+02
2.470411376953125000e+02
2.828512878417968750e+02
2.769077453613281250e+02
2.757782287597656250e+02
2.905776977539062500e+02
2.888264770507812500e+02
2.793629150390625000e+02
2.814667053222656250e+02
2.819487915039062500e+02
2.747373657226562500e+02
2.817439270019531250e+02
2.320255889892578125e+02
2.355157012939453125e+02
2.353871154785156250e+02
2.494297790527343750e+02
2.505572814941406250e+02
2.415170135498046875e+02
2.378482666015625000e+02
2.350236053466796875e+02
2.294737548828125000e+02
2.120449981689453125e+02
2.174022674560546875e+02
2.122034606933593750e+02
2.142767639160156250e+02
2.144797058105468750e+02
2.226891326904296875e+02
2.324287872314453125e+02
2.379714660644531250e+02
2.311708526611328125e+02
2.406593933105468750e+02
2.832500610351562500e+02
2.902439575195312500e+02
2.931778259277343750e+02
3.900782165527343750e+02
3.847300720214843750e+02
3.834404296875000000e+02
3.979353027343750000e+02
3.831275024414062500e+02
5.094838256835937500e+02
5.091365356445312500e+02
4.620426635742187500e+02
4.428137817382812500e+02
4.970125427246093750e+02
3.917757873535156250e+02
3.729024658203125000e+02
3.766231079101562500e+02
3.576322326660156250e+02
3.877528686523437500e+02
2.740341186523437500e+02
2.761432189941406250e+02
2.842731933593750000e+02
3.006096801757812500e+02
3.021780395507812500e+02
3.040729064941406250e+02
4.030244750976562500e+02
3.988528442382812500e+02
4.081660766601562500e+02
3.979319458007812500e+02
3.919372558593750000e+02
3.865446166992187500e+02
4.060282592773437500e+02
4.161371154785156250e+02
3.664072265625000000e+02
3.739303283691406250e+02
2.840114135742187500e+02
2.765870971679687500e+02
2.708796691894531250e+02
2.677165527343750000e+02
2.893716430664062500e+02
2.912961730957031250e+02
2.701694641113281250e+02
2.533020935058593750e+02
3.270934143066406250e+02
3.214507751464843750e+02
3.449577636718750000e+02
3.427822875976562500e+02
3.462636718750000000e+02
3.375030822753906250e+02
3.043159179687500000e+02
3.038823852539062500e+02
3.009931030273437500e+02
3.056503601074218750e+02
2.364816894531250000e+02
2.383222656250000000e+02
2.118095703125000000e+02
2.536372375488281250e+02
2.774922790527343750e+02
2.776791076660156250e+02
2.877222595214843750e+02
3.519182739257812500e+02
3.536364440917968750e+02
3.626254882812500000e+02
3.627129211425781250e+02
3.674846801757812500e+02
3.786966247558593750e+02
4.148757324218750000e+02
3.870015258789062500e+02
4.099211425781250000e+02
4.105287475585937500e+02
3.420984497070312500e+02
3.481974487304687500e+02
3.326011962890625000e+02
3.239892883300781250e+02
3.350375366210937500e+02
3.317875671386718750e+02
2.577751770019531250e+02
2.723784790039062500e+02
2.478390655517578125e+02
2.849585571289062500e+02
2.798787841796875000e+02
2.814842834472656250e+02
2.972142944335937500e+02
3.161608276367187500e+02
4.142958068847656250e+02
4.060081176757812500e+02
4.146147460937500000e+02
4.064307250976562500e+02
4.272041015625000000e+02
3.937627563476562500e+02
3.925834960937500000e+02
3.858404235839843750e+02
3.796092529296875000e+02
3.614540100097656250e+02
2.735471801757812500e+02
4.252658691406250000e+02
4.146284790039062500e+02
4.096010742187500000e+02
4.078256530761718750e+02
4.072224121093750000e+02
4.151632385253906250e+02
4.202307128906250000e+02
4.328909606933593750e+02
4.421945800781250000e+02
4.442061462402343750e+02
2.961519165039062500e+02
3.115004882812500000e+02
3.126804809570312500e+02
3.028291625976562500e+02
3.025160217285156250e+02
3.173749084472656250e+02
3.078518676757812500e+02
2.967445678710937500e+02
2.751136169433593750e+02
2.579666137695312500e+02
2.573432006835937500e+02
2.375728302001953125e+02
4.447371520996093750e+02
4.515483398437500000e+02
4.547950744628906250e+02
4.721053161621093750e+02
4.757733764648437500e+02
4.646081542968750000e+02
4.845202026367187500e+02
4.894602050781250000e+02
4.870413513183593750e+02
5.157187500000000000e+02
3.017760620117187500e+02
2.956238403320312500e+02
3.066478881835937500e+02
2.788584899902343750e+02
2.844667663574218750e+02
2.961891174316406250e+02
2.884736938476562500e+02
2.792084655761718750e+02
2.751946411132812500e+02
2.481289062500000000e+02
2.646625671386718750e+02
2.671843566894531250e+02
2.608803100585937500e+02
2.592517700195312500e+02
2.557976837158203125e+02
2.706115112304687500e+02
2.912919616699218750e+02
3.287781372070312500e+02
3.489282836914062500e+02
3.998881225585937500e+02
3.877680358886718750e+02
3.781803588867187500e+02
3.692578735351562500e+02
3.647128601074218750e+02
3.650896606445312500e+02
3.554924316406250000e+02
3.344388122558593750e+02
3.077187194824218750e+02
2.884842529296875000e+02
2.643765258789062500e+02
2.669085388183593750e+02
2.694538269042968750e+02
2.953215026855468750e+02
2.919281921386718750e+02
2.942917175292968750e+02
2.842344055175781250e+02
4.156180725097656250e+02
4.089308471679687500e+02
4.389566955566406250e+02
4.145371704101562500e+02
4.127297363281250000e+02
4.100111389160156250e+02
3.841200866699218750e+02
4.058298339843750000e+02
3.986121520996093750e+02
3.870729370117187500e+02
2.514896240234375000e+02
2.343222656250000000e+02
2.140530700683593750e+02
2.348238830566406250e+02
2.285156707763671875e+02
2.448871307373046875e+02
2.413519592285156250e+02
2.369186096191406250e+02
2.587192382812500000e+02
2.791455078125000000e+02
2.802360534667968750e+02
2.837884826660156250e+02
2.667625122070312500e+02
2.490059509277343750e+02
2.595914916992187500e+02
2.443986358642578125e+02
2.519594726562500000e+02
2.502651672363281250e+02
2.361168975830078125e+02
2.349916229248046875e+02
2.388615417480468750e+02
2.376079406738281250e+02
2.768128967285156250e+02
2.903527221679687500e+02
3.060904235839843750e+02
3.162430725097656250e+02
3.077299194335937500e+02
4.903211975097656250e+02
5.053846130371093750e+02
5.596148071289062500e+02
5.663307495117187500e+02
5.736331176757812500e+02
6.738424682617187500e+02
6.564491577148437500e+02
6.763678588867187500e+02
6.790079956054687500e+02
6.997741088867187500e+02
5.402137451171875000e+02
7.039406127929687500e+02
6.494231567382812500e+02
7.032136840820312500e+02
6.932123413085937500e+02
5.691249389648437500e+02
5.827445068359375000e+02
5.554065551757812500e+02
5.417503051757812500e+02
5.357020263671875000e+02
5.707769775390625000e+02
3.853947143554687500e+02
4.336453247070312500e+02
4.157945251464843750e+02
4.314071655273437500e+02
4.401139221191406250e+02
4.642127990722656250e+02
4.550393676757812500e+02
4.482892456054687500e+02
4.306369018554687500e+02
3.654383239746093750e+02
3.558447265625000000e+02
3.175695800781250000e+02
2.954695434570312500e+02
2.877548217773437500e+02
2.739953002929687500e+02
2.455330505371093750e+02
2.411722106933593750e+02
2.491769561767578125e+02
3.013378295898437500e+02
3.015274963378906250e+02
3.162831115722656250e+02
3.047966003417968750e+02
2.907789916992187500e+02
3.339234008789062500e+02
3.755155639648437500e+02
3.686868591308593750e+02
3.660963439941406250e+02
3.773900146484375000e+02
3.627876586914062500e+02
3.703838500976562500e+02
3.629002685546875000e+02
3.491267089843750000e+02
3.740874328613281250e+02
3.499663085937500000e+02
3.297691345214843750e+02
3.275205993652343750e+02
3.387614440917968750e+02
3.310415649414062500e+02
3.073393554687500000e+02
5.075772399902343750e+02
5.120198974609375000e+02
5.100280151367187500e+02
4.620753479003906250e+02
4.449926757812500000e+02
4.262218627929687500e+02
4.335073852539062500e+02
4.216119995117187500e+02
4.272115173339843750e+02
4.192058105468750000e+02
2.119438476562500000e+02
2.483877410888671875e+02
2.565275878906250000e+02
2.783447875976562500e+02
2.813334960937500000e+02
3.062953491210937500e+02
3.150268554687500000e+02
3.280173339843750000e+02
3.176546020507812500e+02
3.284008789062500000e+02
3.206950378417968750e+02
2.991196899414062500e+02
3.070249328613281250e+02
3.104348754882812500e+02
3.184502258300781250e+02
2.890024108886718750e+02
2.889415588378906250e+02
2.862069091796875000e+02
2.964728393554687500e+02
2.730940551757812500e+02
3.009454345703125000e+02
2.858868103027343750e+02
2.760587768554687500e+02
2.724939575195312500e+02
2.545000915527343750e+02
2.581520690917968750e+02
2.423585510253906250e+02
2.437641906738281250e+02
2.372285919189453125e+02
2.587351684570312500e+02
2.503184509277343750e+02
2.373673553466796875e+02
2.927131652832031250e+02
3.053380432128906250e+02
3.096559448242187500e+02
3.326487426757812500e+02
3.485847778320312500e+02
3.440263366699218750e+02
3.500211486816406250e+02
3.539089660644531250e+02
3.799786987304687500e+02
4.109850463867187500e+02
4.102747192382812500e+02
3.966622314453125000e+02
4.122167968750000000e+02
3.940389404296875000e+02
3.773061828613281250e+02
3.808380737304687500e+02
3.680622863769531250e+02
5.314638671875000000e+02
5.007799377441406250e+02
5.009795532226562500e+02
4.399711914062500000e+02
4.297808227539062500e+02
4.349050903320312500e+02
4.214475097656250000e+02
4.199020385742187500e+02
4.171617126464843750e+02
4.649768066406250000e+02
3.003789062500000000e+02
2.970657043457031250e+02
2.758195190429687500e+02
3.743580627441406250e+02
3.870510864257812500e+02
3.816430969238281250e+02
4.235571899414062500e+02
5.428013916015625000e+02
5.646355590820312500e+02
5.650753173828125000e+02
5.571373901367187500e+02
5.629995117187500000e+02
5.663399658203125000e+02
4.761146545410156250e+02
4.811979980468750000e+02
4.736810607910156250e+02
4.580951232910156250e+02
3.743068237304687500e+02
3.677039794921875000e+02
3.506793518066406250e+02
3.492128295898437500e+02
3.316568298339843750e+02
3.377980346679687500e+02
3.717175903320312500e+02
3.723000793457031250e+02
3.968117065429687500e+02
3.863571166992187500e+02
3.586465454101562500e+02
5.577053833007812500e+02
5.276264648437500000e+02
5.671764526367187500e+02
5.709106445312500000e+02
5.626506347656250000e+02
5.181932373046875000e+02
5.115243225097656250e+02
4.947185974121093750e+02
4.853005981445312500e+02
5.033995056152343750e+02
2.962041625976562500e+02
3.010240783691406250e+02
2.677918395996093750e+02
2.921050415039062500e+02
2.981069030761718750e+02
3.246004943847656250e+02
3.223457336425781250e+02
3.054614868164062500e+02
4.572095642089843750e+02
4.447948303222656250e+02
4.322067871093750000e+02
4.384011840820312500e+02
4.238057250976562500e+02
3.938554992675781250e+02
4.058308105468750000e+02
4.071696777343750000e+02
4.072567443847656250e+02
4.231586303710937500e+02
2.923729553222656250e+02
2.851043090820312500e+02
3.187450256347656250e+02
3.219203186035156250e+02
3.333214111328125000e+02
3.565227661132812500e+02
3.545964660644531250e+02
3.367948303222656250e+02
3.359231567382812500e+02
3.923252563476562500e+02
3.901362915039062500e+02
3.989542846679687500e+02
3.753805541992187500e+02
3.771209411621093750e+02
3.762230529785156250e+02
3.572958679199218750e+02
3.510071716308593750e+02
3.736973266601562500e+02
3.683522338867187500e+02
3.020408020019531250e+02
3.046603698730468750e+02
2.866596069335937500e+02
2.767955322265625000e+02
2.667481384277343750e+02
3.018706970214843750e+02
3.086933288574218750e+02
2.954141235351562500e+02
3.506388549804687500e+02
4.585407104492187500e+02
4.756156616210937500e+02
4.536844787597656250e+02
4.608507385253906250e+02
4.686909790039062500e+02
4.726542358398437500e+02
4.873746032714843750e+02
4.856765747070312500e+02
5.005236206054687500e+02
4.258775939941406250e+02
3.436201782226562500e+02
3.259809265136718750e+02
3.897184448242187500e+02
4.044981689453125000e+02
4.202915954589843750e+02
4.115548400878906250e+02
3.642535095214843750e+02
4.312142028808593750e+02
4.257165527343750000e+02
4.173345336914062500e+02
4.046338500976562500e+02
4.469913635253906250e+02
3.885316772460937500e+02
4.209437561035156250e+02
5.620916137695312500e+02
5.986907958984375000e+02
5.929785156250000000e+02
5.289194335937500000e+02
5.385232543945312500e+02
5.404336547851562500e+02
5.338373413085937500e+02
4.915935058593750000e+02
4.830634155273437500e+02
4.462255249023437500e+02
3.629639282226562500e+02
4.075888977050781250e+02
4.241313476562500000e+02
4.158890075683593750e+02
4.088677368164062500e+02
4.086318664550781250e+02
4.398584594726562500e+02
4.315743713378906250e+02
4.649784240722656250e+02
4.528694458007812500e+02
3.796882324218750000e+02
3.077689819335937500e+02
2.909151000976562500e+02
2.902169799804687500e+02
2.772386474609375000e+02
4.779242248535156250e+02
4.785573120117187500e+02
4.841770629882812500e+02
4.547511291503906250e+02
4.660910644531250000e+02
4.656498413085937500e+02
4.660863647460937500e+02
5.273442382812500000e+02
5.447078857421875000e+02
5.521204833984375000e+02
3.771132812500000000e+02
3.477406005859375000e+02
3.494071044921875000e+02
3.575499877929687500e+02
3.556752014160156250e+02
3.560344848632812500e+02
3.846075439453125000e+02
3.201961669921875000e+02
3.144962768554687500e+02
3.287592773437500000e+02
3.129264526367187500e+02
3.542043151855468750e+02
3.764260559082031250e+02
3.702124633789062500e+02
4.595977478027343750e+02
4.459529724121093750e+02
4.011744384765625000e+02
4.177760620117187500e+02
4.140540161132812500e+02
4.073818359375000000e+02
3.992990112304687500e+02
3.677282714843750000e+02
3.427813720703125000e+02
3.962374877929687500e+02
3.257141113281250000e+02
3.288331909179687500e+02
4.033417053222656250e+02
3.787970886230468750e+02
3.768075561523437500e+02
3.647523193359375000e+02
4.043123168945312500e+02
4.459646606445312500e+02
4.413246154785156250e+02
4.273552246093750000e+02
4.903142700195312500e+02
5.076825561523437500e+02
4.286891479492187500e+02
4.568390197753906250e+02
4.417854614257812500e+02
4.611932983398437500e+02
4.211764221191406250e+02
3.681243896484375000e+02
3.629784240722656250e+02
3.242784729003906250e+02
2.594754028320312500e+02
2.662087402343750000e+02
3.046205139160156250e+02
3.098765869140625000e+02
3.290700988769531250e+02
3.398991088867187500e+02
3.458912353515625000e+02
3.380147094726562500e+02
3.683000183105468750e+02
3.670453796386718750e+02
3.468813476562500000e+02
3.220046997070312500e+02
2.978424682617187500e+02
2.766444396972656250e+02
2.940794067382812500e+02
3.298369140625000000e+02
4.312911682128906250e+02
4.493169555664062500e+02
4.568391723632812500e+02
4.731683654785156250e+02
4.769930725097656250e+02
5.185590209960937500e+02
5.132427978515625000e+02
5.806962280273437500e+02
5.662214355468750000e+02
5.096373596191406250e+02
3.959498596191406250e+02
3.842024536132812500e+02
3.536566162109375000e+02
3.829821166992187500e+02
3.839030761718750000e+02
5.211712036132812500e+02
5.564289550781250000e+02
4.972308654785156250e+02
4.930638732910156250e+02
4.871297912597656250e+02
5.128110351562500000e+02
5.115468139648437500e+02
5.201385498046875000e+02
5.119516601562500000e+02
5.290276489257812500e+02
3.737634277343750000e+02
3.409838256835937500e+02
3.544882202148437500e+02
3.686430053710937500e+02
4.153098144531250000e+02
4.154751586914062500e+02
4.364977111816406250e+02
4.381208496093750000e+02
4.085083618164062500e+02
5.384156494140625000e+02
6.764952392578125000e+02
6.819548950195312500e+02
7.344063720703125000e+02
7.319284057617187500e+02
6.917451782226562500e+02
6.825179443359375000e+02
7.118146362304687500e+02
7.652272949218750000e+02
7.857599487304687500e+02
6.188518676757812500e+02
5.760308837890625000e+02
6.269976806640625000e+02
5.566671142578125000e+02
7.200445556640625000e+02
8.998990478515625000e+02
8.803624877929687500e+02
8.329307861328125000e+02
7.675848388671875000e+02
7.501882934570312500e+02
7.650838623046875000e+02
6.668421020507812500e+02
6.245117797851562500e+02
6.188167724609375000e+02
4.424185180664062500e+02
2.696442871093750000e+02
3.220119934082031250e+02
3.844628295898437500e+02
4.324119567871093750e+02
4.385223693847656250e+02
4.383072814941406250e+02
4.234786071777343750e+02
4.045645446777343750e+02
4.109577026367187500e+02
4.036651000976562500e+02
4.011312561035156250e+02
3.592974243164062500e+02
3.035706787109375000e+02
2.619799194335937500e+02
2.511741027832031250e+02
3.853060913085937500e+02
3.784948120117187500e+02
3.901594238281250000e+02
4.118334045410156250e+02
4.120165405273437500e+02
4.039457702636718750e+02
4.032498168945312500e+02
4.368186950683593750e+02
4.491758728027343750e+02
4.426797790527343750e+02
2.932085571289062500e+02
3.081473693847656250e+02
2.955348815917968750e+02
2.625053100585937500e+02
2.795394897460937500e+02
4.514674682617187500e+02
4.595757751464843750e+02
4.156640625000000000e+02
4.013758850097656250e+02
4.318855590820312500e+02
4.658960876464843750e+02
4.807120666503906250e+02
4.903877563476562500e+02
4.972162475585937500e+02
5.000161132812500000e+02
3.327430114746093750e+02
3.802135620117187500e+02
4.191329040527343750e+02
4.201953125000000000e+02
3.894596862792968750e+02
5.135697631835937500e+02
4.901930236816406250e+02
4.908008422851562500e+02
6.108112182617187500e+02
6.723099365234375000e+02
7.122410888671875000e+02
6.572116088867187500e+02
6.154225463867187500e+02
6.201675415039062500e+02
6.294856567382812500e+02
5.411890869140625000e+02
5.761658935546875000e+02
5.907734375000000000e+02
5.172906494140625000e+02
4.360380859375000000e+02
3.930592041015625000e+02
4.317676391601562500e+02
4.453645019531250000e+02
4.970144958496093750e+02
5.081778259277343750e+02
4.444905395507812500e+02
4.962831115722656250e+02
4.850422363281250000e+02
4.201323242187500000e+02
4.218731994628906250e+02
4.155769042968750000e+02
3.969853820800781250e+02
4.217895507812500000e+02
3.945140991210937500e+02
5.046068420410156250e+02
5.829264526367187500e+02
5.126711425781250000e+02
5.110755920410156250e+02
5.434296264648437500e+02
5.651859130859375000e+02
5.764625244140625000e+02
6.007164306640625000e+02
5.701420898437500000e+02
5.621003417968750000e+02
4.281118774414062500e+02
3.704447326660156250e+02
3.622420349121093750e+02
3.971087951660156250e+02
4.198088378906250000e+02
4.822474975585937500e+02
4.940949096679687500e+02
5.869652709960937500e+02
5.835148315429687500e+02
6.081422729492187500e+02
6.347271118164062500e+02
6.675406494140625000e+02
6.650737304687500000e+02
6.818411865234375000e+02
7.483952026367187500e+02
7.571768188476562500e+02
7.394307861328125000e+02
6.526946411132812500e+02
6.559489135742187500e+02
6.812791748046875000e+02
6.859822387695312500e+02
6.364247436523437500e+02
7.305122070312500000e+02
6.796275634765625000e+02
5.956114501953125000e+02
5.028774414062500000e+02
5.203347778320312500e+02
4.728250122070312500e+02
4.575405273437500000e+02
4.366580505371093750e+02
4.215733032226562500e+02
4.363291015625000000e+02
3.771619567871093750e+02
4.946570434570312500e+02
5.102584533691406250e+02
5.148764648437500000e+02
6.358926391601562500e+02
6.403441162109375000e+02
6.609818115234375000e+02
6.071727294921875000e+02
5.988757934570312500e+02
5.923072509765625000e+02
5.673967895507812500e+02
4.431906127929687500e+02
4.656933593750000000e+02
4.813058166503906250e+02
3.485706176757812500e+02
4.594664916992187500e+02
4.826914062500000000e+02
4.854252014160156250e+02
4.919354553222656250e+02
4.931619567871093750e+02
4.913838500976562500e+02
4.999530334472656250e+02
4.341018066406250000e+02
4.763989257812500000e+02
4.739681091308593750e+02
3.660059814453125000e+02
3.316633911132812500e+02
3.649288330078125000e+02
3.648182373046875000e+02
3.542046203613281250e+02
3.919954223632812500e+02
3.970733337402343750e+02
4.104866333007812500e+02
3.592546386718750000e+02
3.552437744140625000e+02
3.425773315429687500e+02
3.489873046875000000e+02
3.349378967285156250e+02
3.801796875000000000e+02
5.859939575195312500e+02
6.032148437500000000e+02
6.280136108398437500e+02
6.693256835937500000e+02
6.495882568359375000e+02
6.479459838867187500e+02
6.819244384765625000e+02
6.852825927734375000e+02
6.820111083984375000e+02
6.565939331054687500e+02
4.535980834960937500e+02
3.850425415039062500e+02
3.470297241210937500e+02
2.946408386230468750e+02
3.268096008300781250e+02
3.275922241210937500e+02
3.150720520019531250e+02
3.170280151367187500e+02
3.065081176757812500e+02
2.916920776367187500e+02
2.893676147460937500e+02
2.789017944335937500e+02
4.091812133789062500e+02
4.428841857910156250e+02
4.224142150878906250e+02
4.321705017089843750e+02
4.283010253906250000e+02
4.198094787597656250e+02
4.100592346191406250e+02
4.214178771972656250e+02
4.424606933593750000e+02
5.242884521484375000e+02
3.921511840820312500e+02
3.773620910644531250e+02
3.865180969238281250e+02
4.029235534667968750e+02
4.253785705566406250e+02
4.241664428710937500e+02
4.346878967285156250e+02
3.951748962402343750e+02
3.626267700195312500e+02
3.030925292968750000e+02
3.080695190429687500e+02
3.004710083007812500e+02
4.810850524902343750e+02
4.511666564941406250e+02
4.440617065429687500e+02
5.091062927246093750e+02
5.064336547851562500e+02
5.813836669921875000e+02
5.835252075195312500e+02
5.955933227539062500e+02
6.127852172851562500e+02
6.301067504882812500e+02
6.038814086914062500e+02
6.454746093750000000e+02
6.270374145507812500e+02
5.613762817382812500e+02
5.627287597656250000e+02
5.680706787109375000e+02
6.356199340820312500e+02
6.622996215820312500e+02
6.417213134765625000e+02
6.317974853515625000e+02
5.075636291503906250e+02
5.375595703125000000e+02
5.274425659179687500e+02
5.414469604492187500e+02
5.863883666992187500e+02
5.365738525390625000e+02
5.016757812500000000e+02
6.767177734375000000e+02
7.091232910156250000e+02
7.608272094726562500e+02
7.289083251953125000e+02
6.647627563476562500e+02
6.746597900390625000e+02
7.895278930664062500e+02
7.501495971679687500e+02
8.080249633789062500e+02
8.491411132812500000e+02
6.501907958984375000e+02
6.345514526367187500e+02
5.613553466796875000e+02
6.510940551757812500e+02
7.020999145507812500e+02
7.160070190429687500e+02
8.210714721679687500e+02
8.510551757812500000e+02
8.279897460937500000e+02
7.688205566406250000e+02
7.473855590820312500e+02
7.303992919921875000e+02
7.504255371093750000e+02
6.703411865234375000e+02
6.475122680664062500e+02
6.191051635742187500e+02
5.315843505859375000e+02
4.888762817382812500e+02
4.473114624023437500e+02
4.379721069335937500e+02
4.547872924804687500e+02
4.571173706054687500e+02
4.457012329101562500e+02
4.316643066406250000e+02
4.635588989257812500e+02
5.626751708984375000e+02
5.287647705078125000e+02
6.472450561523437500e+02
6.579932861328125000e+02
6.867677612304687500e+02
6.775046997070312500e+02
6.775683593750000000e+02
7.141594848632812500e+02
7.159822387695312500e+02
7.201061401367187500e+02
6.418544311523437500e+02
5.547906494140625000e+02
4.395668334960937500e+02
5.790167846679687500e+02
5.579422607421875000e+02
5.699144287109375000e+02
5.829244384765625000e+02
5.527758178710937500e+02
5.447313232421875000e+02
4.775637817382812500e+02
4.949111938476562500e+02
4.726531372070312500e+02
4.812500000000000000e+02
3.308636779785156250e+02
4.120054626464843750e+02
3.926040649414062500e+02
3.920686340332031250e+02
4.009012145996093750e+02
3.972056579589843750e+02
3.976190490722656250e+02
3.720262145996093750e+02
3.701458129882812500e+02
4.082136840820312500e+02
4.072487182617187500e+02
3.295496215820312500e+02
3.676195373535156250e+02
3.551032714843750000e+02
3.983707580566406250e+02
4.325986328125000000e+02
7.018262329101562500e+02
7.323233642578125000e+02
7.816917724609375000e+02
8.886893310546875000e+02
8.783197021484375000e+02
8.979644775390625000e+02
8.706110229492187500e+02
8.770775146484375000e+02
8.432254638671875000e+02
8.136390991210937500e+02
5.842410278320312500e+02
5.563751220703125000e+02
5.771963500976562500e+02
4.671398010253906250e+02
4.827422485351562500e+02
4.704414978027343750e+02
4.507400512695312500e+02
4.359200134277343750e+02
6.280245971679687500e+02
6.538611450195312500e+02
6.989257812500000000e+02
7.013343505859375000e+02
6.145938720703125000e+02
5.742930297851562500e+02
6.647326049804687500e+02
6.534647216796875000e+02
6.771965332031250000e+02
7.230455932617187500e+02
5.562799072265625000e+02
5.374947509765625000e+02
4.689418029785156250e+02
4.975646057128906250e+02
5.149521484375000000e+02
5.378236083984375000e+02
4.339549865722656250e+02
4.324236450195312500e+02
5.710601806640625000e+02
5.305529174804687500e+02
5.396505126953125000e+02
5.297161254882812500e+02
5.800938110351562500e+02
5.429585571289062500e+02
5.700431518554687500e+02
5.523059692382812500e+02
5.660590820312500000e+02
6.269473876953125000e+02
6.152380981445312500e+02
9.515432739257812500e+02
9.364432373046875000e+02
9.542249145507812500e+02
9.383059692382812500e+02
1.113497802734375000e+03
1.107571777343750000e+03
1.109030273437500000e+03
1.094946411132812500e+03
1.071245971679687500e+03
9.329125976562500000e+02
6.494447021484375000e+02
6.102634277343750000e+02
6.040818481445312500e+02
5.623134155273437500e+02
4.786010131835937500e+02
4.690155334472656250e+02
4.750194396972656250e+02
6.433577880859375000e+02
8.620074462890625000e+02
8.598693237304687500e+02
8.055401611328125000e+02
8.006276245117187500e+02
8.179846191406250000e+02
9.583349609375000000e+02
1.038219482421875000e+03
1.028204833984375000e+03
1.306369995117187500e+03
1.248942626953125000e+03
1.040240234375000000e+03
1.078247314453125000e+03
1.107889404296875000e+03
1.171516235351562500e+03
1.191450439453125000e+03
1.038475341796875000e+03
9.053776245117187500e+02
1.216746704101562500e+03
9.430177001953125000e+02
9.034405517578125000e+02
8.944397583007812500e+02
8.798767700195312500e+02
9.223800659179687500e+02
8.627445068359375000e+02
8.652843017578125000e+02
1.015301269531250000e+03
9.803001098632812500e+02
6.949721069335937500e+02
6.646942138671875000e+02
6.112182006835937500e+02
6.353746337890625000e+02
6.952859497070312500e+02
6.780245361328125000e+02
9.174586181640625000e+02
9.216060791015625000e+02
7.908253173828125000e+02
8.262361450195312500e+02
8.019330444335937500e+02
8.304846801757812500e+02
8.302070312500000000e+02
8.214724731445312500e+02
8.806787109375000000e+02
8.372996215820312500e+02
6.238022460937500000e+02
5.953492431640625000e+02
6.891162719726562500e+02
6.839741210937500000e+02
7.243616333007812500e+02
7.204556274414062500e+02
7.066285400390625000e+02
6.589238281250000000e+02
5.243742675781250000e+02
5.759414062500000000e+02
6.344456787109375000e+02
6.262830810546875000e+02
5.512156982421875000e+02
5.100086975097656250e+02
6.866634521484375000e+02
7.307969970703125000e+02
7.369439086914062500e+02
7.853707885742187500e+02
7.906663208007812500e+02
8.512560424804687500e+02
7.908067016601562500e+02
8.312369995117187500e+02
8.554869995117187500e+02
8.689910888671875000e+02
6.419488525390625000e+02
6.001063232421875000e+02
6.053817749023437500e+02
5.399583740234375000e+02
5.255646972656250000e+02
4.455245971679687500e+02
5.442365112304687500e+02
6.049314575195312500e+02
5.478977661132812500e+02
5.467054443359375000e+02
6.301021728515625000e+02
6.350737304687500000e+02
6.958661499023437500e+02
8.447402343750000000e+02
8.711577148437500000e+02
8.411349487304687500e+02
7.335692749023437500e+02
6.162950439453125000e+02
6.748519287109375000e+02
7.657203369140625000e+02
9.786727294921875000e+02
9.615558471679687500e+02
8.875111083984375000e+02
7.854487915039062500e+02
7.648587646484375000e+02
8.105157470703125000e+02
8.123038330078125000e+02
8.469707031250000000e+02
7.877916259765625000e+02
6.936306762695312500e+02
4.739551696777343750e+02
5.211356201171875000e+02
5.391956787109375000e+02
5.152125244140625000e+02
5.299555053710937500e+02
4.983164062500000000e+02
4.877194213867187500e+02
4.545503540039062500e+02
5.043301391601562500e+02
5.010100097656250000e+02
4.658971252441406250e+02
4.280812988281250000e+02
5.171397705078125000e+02
5.638996582031250000e+02
5.404532470703125000e+02
5.158085937500000000e+02
5.960103759765625000e+02
6.055347290039062500e+02
5.645083618164062500e+02
5.646406250000000000e+02
6.311192626953125000e+02
6.248817138671875000e+02
5.171849975585937500e+02
5.063458557128906250e+02
6.144229125976562500e+02
6.374619750976562500e+02
6.746178588867187500e+02
7.689235839843750000e+02
7.951721191406250000e+02
8.048802490234375000e+02
7.057923583984375000e+02
6.995770263671875000e+02
8.077208251953125000e+02
7.639482421875000000e+02
6.601878662109375000e+02
7.177562866210937500e+02
6.818765869140625000e+02
6.004886474609375000e+02
5.917216796875000000e+02
6.184386596679687500e+02
6.501939086914062500e+02
6.602022705078125000e+02
5.892716064453125000e+02
5.992972412109375000e+02
6.419056396484375000e+02
5.809240722656250000e+02
4.885557250976562500e+02
4.868610839843750000e+02
4.808524475097656250e+02
4.423898925781250000e+02
4.269864807128906250e+02
4.334754943847656250e+02
4.264863891601562500e+02
4.166390686035156250e+02
3.978902893066406250e+02
4.087433166503906250e+02
4.169671020507812500e+02
3.937884521484375000e+02
5.024226074218750000e+02
4.942417907714843750e+02
4.799188537597656250e+02
4.716970825195312500e+02
4.905215454101562500e+02
5.340261840820312500e+02
5.643216552734375000e+02
5.313761596679687500e+02
6.240257568359375000e+02
6.247544555664062500e+02
5.292786865234375000e+02
5.552160034179687500e+02
5.778056030273437500e+02
6.828089599609375000e+02
6.675387573242187500e+02
6.541511840820312500e+02
6.215870361328125000e+02
6.305891723632812500e+02
6.586521606445312500e+02
6.671846313476562500e+02
6.650731201171875000e+02
7.931834106445312500e+02
8.886115112304687500e+02
7.711026611328125000e+02
7.640509033203125000e+02
7.546301269531250000e+02
7.345845947265625000e+02
7.948665161132812500e+02
6.770836181640625000e+02
6.925136108398437500e+02
6.697493896484375000e+02
5.779598999023437500e+02
4.729289550781250000e+02
5.268250732421875000e+02
6.402545166015625000e+02
6.138341064453125000e+02
7.227112426757812500e+02
6.492978515625000000e+02
7.782783203125000000e+02
7.504595336914062500e+02
7.820335693359375000e+02
7.426970214843750000e+02
7.907349853515625000e+02
7.581070556640625000e+02
6.251463012695312500e+02
6.450372314453125000e+02
5.318847656250000000e+02
5.350406494140625000e+02
5.268341674804687500e+02
6.119747314453125000e+02
5.690999755859375000e+02
5.988699340820312500e+02
6.601981201171875000e+02
6.484382324218750000e+02
6.481593017578125000e+02
6.486500244140625000e+02
6.738663330078125000e+02
8.323660888671875000e+02
7.000529785156250000e+02
8.020902099609375000e+02
8.465322265625000000e+02
8.889941406250000000e+02
9.002052612304687500e+02
9.121032104492187500e+02
9.529378051757812500e+02
9.566651611328125000e+02
9.538729248046875000e+02
8.136514282226562500e+02
8.370271606445312500e+02
6.543743896484375000e+02
6.059573974609375000e+02
5.391627807617187500e+02
3.987627868652343750e+02
4.027350158691406250e+02
3.350089111328125000e+02
3.584017639160156250e+02
3.330232849121093750e+02
3.434854125976562500e+02
3.635244140625000000e+02
4.061828918457031250e+02
4.130042419433593750e+02
5.115089721679687500e+02
6.099401855468750000e+02
6.053759155273437500e+02
6.493500366210937500e+02
6.672235107421875000e+02
6.806016845703125000e+02
6.615860595703125000e+02
6.812318115234375000e+02
8.744667968750000000e+02
8.842534179687500000e+02
7.629649658203125000e+02
6.854442138671875000e+02
6.692783813476562500e+02
6.972268676757812500e+02
6.619461669921875000e+02
7.010207519531250000e+02
7.413375854492187500e+02
7.218988037109375000e+02
6.088505249023437500e+02
6.553458251953125000e+02
7.202599487304687500e+02
9.831013793945312500e+02
1.007105346679687500e+03
9.782796630859375000e+02
9.524054565429687500e+02
9.913587646484375000e+02
1.058399658203125000e+03
1.065097900390625000e+03
1.077566040039062500e+03
1.186906005859375000e+03
1.162521362304687500e+03
1.251732421875000000e+03
1.232905029296875000e+03
1.233116577148437500e+03
1.270621826171875000e+03
1.229289306640625000e+03
1.211553710937500000e+03
1.164769897460937500e+03
1.029048828125000000e+03
9.821582031250000000e+02
9.647272338867187500e+02
6.770848999023437500e+02
7.628009033203125000e+02
7.488381347656250000e+02
7.576908569335937500e+02
7.272557373046875000e+02
6.464403686523437500e+02
6.739779052734375000e+02
7.160317382812500000e+02
6.968440551757812500e+02
8.093134765625000000e+02
7.320850830078125000e+02
7.480610351562500000e+02
8.822222900390625000e+02
9.189893798828125000e+02
9.158268432617187500e+02
9.977524414062500000e+02
1.013377563476562500e+03
9.637319335937500000e+02
8.711196289062500000e+02
7.711677856445312500e+02
7.725013427734375000e+02
6.698856811523437500e+02
7.121380615234375000e+02
7.507457885742187500e+02
7.502368164062500000e+02
8.052545166015625000e+02
8.411473388671875000e+02
8.812929687500000000e+02
9.339923706054687500e+02
1.028985107421875000e+03
1.124988159179687500e+03
1.184586669921875000e+03
1.049346069335937500e+03
9.514493408203125000e+02
1.021139648437500000e+03
9.137413940429687500e+02
8.451551513671875000e+02
1.128639770507812500e+03
1.067419799804687500e+03
9.839514770507812500e+02
9.697001953125000000e+02
9.517169189453125000e+02
9.483196411132812500e+02
9.465652465820312500e+02
8.586608276367187500e+02
8.433026123046875000e+02
8.855957031250000000e+02
5.850749511718750000e+02
6.129059448242187500e+02
6.832570190429687500e+02
6.083795166015625000e+02
6.399293212890625000e+02
6.881495361328125000e+02
7.031863403320312500e+02
7.430732421875000000e+02
7.705852661132812500e+02
7.325168457031250000e+02
7.659755859375000000e+02
7.513758544921875000e+02
6.538839721679687500e+02
7.003449096679687500e+02
7.119301757812500000e+02
6.616353149414062500e+02
6.423914794921875000e+02
6.539083251953125000e+02
7.252304687500000000e+02
7.026809692382812500e+02
7.642647705078125000e+02
8.077528076171875000e+02
8.045882568359375000e+02
7.921383666992187500e+02
7.319502563476562500e+02
7.477694091796875000e+02
7.517906494140625000e+02
7.321683349609375000e+02
6.516229248046875000e+02
7.288636474609375000e+02
7.668255004882812500e+02
7.113780517578125000e+02
7.034364013671875000e+02
6.665076904296875000e+02
6.478408813476562500e+02
7.079161987304687500e+02
7.588666381835937500e+02
7.588671875000000000e+02
7.833756713867187500e+02
9.925397338867187500e+02
9.665869140625000000e+02
9.814005737304687500e+02
9.720729370117187500e+02
1.010213256835937500e+03
1.122020751953125000e+03
1.053048828125000000e+03
1.043134155273437500e+03
1.021727050781250000e+03
9.526051635742187500e+02
6.863553466796875000e+02
6.268486328125000000e+02
6.247843017578125000e+02
6.491334838867187500e+02
6.208155517578125000e+02
5.948798217773437500e+02
5.527380981445312500e+02
5.900744018554687500e+02
6.872528076171875000e+02
7.362110595703125000e+02
8.256414184570312500e+02
8.417166137695312500e+02
8.942820434570312500e+02
8.940357666015625000e+02
9.713393554687500000e+02
8.935760498046875000e+02
9.309696044921875000e+02
8.946738281250000000e+02
8.369314575195312500e+02
1.031170532226562500e+03
9.494714965820312500e+02
9.495325927734375000e+02
1.187290039062500000e+03
1.216058715820312500e+03
1.240270019531250000e+03
1.343968994140625000e+03
1.613121093750000000e+03
1.573539550781250000e+03
1.623502197265625000e+03
1.418344970703125000e+03
1.421645141601562500e+03
1.433641723632812500e+03
1.250448974609375000e+03
1.293097045898437500e+03
1.212383544921875000e+03
1.188540405273437500e+03
8.776835937500000000e+02
1.022784973144531250e+03
9.455008544921875000e+02
9.216300659179687500e+02
9.899772338867187500e+02
9.774970703125000000e+02
8.756893310546875000e+02
7.859453125000000000e+02
8.052015380859375000e+02
7.142205810546875000e+02
7.528004760742187500e+02
8.996147460937500000e+02
8.891248168945312500e+02
1.022124633789062500e+03
1.060939453125000000e+03
1.007580444335937500e+03
1.034013305664062500e+03
1.030493164062500000e+03
1.051135131835937500e+03
1.050587402343750000e+03
1.241203735351562500e+03
9.551804809570312500e+02
1.000339050292968750e+03
8.582163085937500000e+02
1.092720703125000000e+03
1.190617431640625000e+03
1.183189208984375000e+03
1.207744262695312500e+03
1.192453125000000000e+03
1.257956298828125000e+03
1.041193481445312500e+03
1.053639038085937500e+03
1.000107238769531250e+03
1.319318847656250000e+03
9.647993164062500000e+02
1.010809570312500000e+03
9.776828002929687500e+02
1.019519897460937500e+03
9.775410156250000000e+02
9.463043823242187500e+02
9.782791137695312500e+02
1.103289184570312500e+03
1.150173828125000000e+03
8.547069091796875000e+02
9.506342773437500000e+02
8.091320800781250000e+02
9.108292236328125000e+02
9.219002685546875000e+02
9.020992431640625000e+02
9.792760009765625000e+02
1.020573425292968750e+03
9.179578247070312500e+02
1.239029541015625000e+03
1.269875976562500000e+03
1.267745727539062500e+03
1.383458740234375000e+03
1.295047485351562500e+03
1.338607543945312500e+03
1.395723266601562500e+03
1.326106079101562500e+03
1.280318603515625000e+03
1.343472656250000000e+03
9.999425659179687500e+02
9.663972778320312500e+02
8.506142578125000000e+02
7.059836425781250000e+02
7.203887329101562500e+02
7.133336181640625000e+02
7.399249267578125000e+02
8.156483154296875000e+02
7.835714721679687500e+02
7.130569458007812500e+02
7.986735229492187500e+02
8.863591918945312500e+02
9.024156494140625000e+02
1.005363769531250000e+03
9.754036865234375000e+02
9.844378051757812500e+02
1.209384521484375000e+03
1.104319335937500000e+03
1.155305053710937500e+03
1.201163696289062500e+03
1.301198364257812500e+03
1.309576171875000000e+03
1.426444091796875000e+03
1.471073974609375000e+03
1.546912597656250000e+03
1.489537963867187500e+03
1.180170898437500000e+03
1.283058593750000000e+03
1.224068481445312500e+03
1.226322998046875000e+03
1.096128295898437500e+03
1.078140014648437500e+03
1.322188110351562500e+03
1.214465209960937500e+03
1.142290527343750000e+03
1.161291503906250000e+03
1.258710327148437500e+03
1.143944335937500000e+03
1.195129272460937500e+03
1.096396728515625000e+03
1.073066528320312500e+03
1.017334594726562500e+03
7.111574707031250000e+02
7.922998657226562500e+02
8.513997192382812500e+02
8.704827270507812500e+02
8.589616088867187500e+02
8.584165039062500000e+02
8.473690185546875000e+02
8.509511718750000000e+02
8.185613403320312500e+02
9.319690551757812500e+02
9.940980224609375000e+02
9.265964965820312500e+02
8.761551513671875000e+02
8.894107666015625000e+02
8.616092529296875000e+02
8.597945556640625000e+02
8.295369262695312500e+02
8.664713134765625000e+02
9.431873779296875000e+02
8.973267822265625000e+02
8.600478515625000000e+02
8.752138671875000000e+02
9.424908447265625000e+02
9.485258789062500000e+02
9.896648559570312500e+02
1.056956542968750000e+03
1.088439086914062500e+03
1.162512817382812500e+03
1.203914794921875000e+03
1.214064086914062500e+03
1.230162475585937500e+03
1.210403198242187500e+03
1.166865478515625000e+03
1.187086791992187500e+03
1.297312133789062500e+03
1.347146240234375000e+03
1.384781005859375000e+03
1.278601196289062500e+03
1.258380004882812500e+03
1.254403686523437500e+03
1.214740844726562500e+03
1.290247314453125000e+03
1.257376220703125000e+03
1.237154785156250000e+03
1.074861572265625000e+03
1.016195434570312500e+03
9.681609497070312500e+02
9.674541015625000000e+02
8.637946166992187500e+02
8.637946166992187500e+02
9.246380615234375000e+02
8.582166748046875000e+02
9.732249145507812500e+02
8.617942504882812500e+02
9.332265625000000000e+02
9.903878784179687500e+02
1.075012939453125000e+03
1.181899291992187500e+03
1.272797119140625000e+03
1.182887939453125000e+03
1.243049194335937500e+03
1.309470703125000000e+03
1.309470703125000000e+03
1.373566284179687500e+03
1.361510986328125000e+03
1.363015747070312500e+03
1.247802246093750000e+03
1.197434814453125000e+03
1.210196533203125000e+03
1.280715087890625000e+03
1.218574707031250000e+03
1.157389648437500000e+03
1.054242675781250000e+03
1.101577636718750000e+03
9.954101562500000000e+02
9.270421142578125000e+02
9.814122924804687500e+02
1.037575805664062500e+03
9.754468994140625000e+02
8.795992431640625000e+02
8.815782470703125000e+02
8.407844848632812500e+02
8.374418945312500000e+02
7.974964599609375000e+02
8.413691406250000000e+02
8.035574951171875000e+02
8.608413085937500000e+02
7.485556640625000000e+02
7.891985473632812500e+02
8.192252807617187500e+02
8.077589111328125000e+02
9.097376708984375000e+02
1.009843566894531250e+03
1.002824218750000000e+03
1.070790771484375000e+03
1.176970458984375000e+03
1.172535644531250000e+03
1.225214477539062500e+03
1.262267944335937500e+03
1.363046875000000000e+03
1.368478271484375000e+03
1.253166992187500000e+03
1.157544921875000000e+03
1.103017822265625000e+03
1.109401489257812500e+03
1.097613647460937500e+03
1.092403808593750000e+03
1.043883911132812500e+03
1.053516479492187500e+03
1.002963562011718750e+03
9.587052612304687500e+02
1.054652099609375000e+03
1.156657958984375000e+03
1.139550415039062500e+03
1.024306884765625000e+03
1.034589843750000000e+03
9.519830932617187500e+02
1.054027343750000000e+03
1.016065612792968750e+03
1.051051391601562500e+03
1.079858642578125000e+03
1.103215209960937500e+03
1.103215332031250000e+03
1.221814697265625000e+03
1.337058227539062500e+03
1.338562988281250000e+03
1.434374267578125000e+03
1.446820800781250000e+03
1.412247436523437500e+03
1.343501220703125000e+03
1.352754638671875000e+03
1.348762207031250000e+03
1.348762207031250000e+03
1.348762207031250000e+03
