2.710315551757812500e+02
2.228947296142578125e+02
2.387223815917968750e+02
2.798225097656250000e+02
3.033419189453125000e+02
2.442204284667968750e+02
2.575148010253906250e+02
2.088720703125000000e+02
2.166219940185546875e+02
2.471225585937500000e+02
2.195546875000000000e+02
2.380206604003906250e+02
2.681880493164062500e+02
2.274931640625000000e+02
2.305413513183593750e+02
2.237147216796875000e+02
2.142382507324218750e+02
2.423930664062500000e+02
2.753742065429687500e+02
2.488152618408203125e+02
2.301232147216796875e+02
1.986270141601562500e+02
2.576525268554687500e+02
2.241079559326171875e+02
2.589692382812500000e+02
2.931979370117187500e+02
2.349698028564453125e+02
2.139904327392578125e+02
2.173623809814453125e+02
3.106702880859375000e+02
2.168167724609375000e+02
2.513071289062500000e+02
3.502412414550781250e+02
2.272574768066406250e+02
2.651699218750000000e+02
1.887835083007812500e+02
3.358876037597656250e+02
2.194485778808593750e+02
2.945524597167968750e+02
2.495131072998046875e+02
3.564745483398437500e+02
2.622620239257812500e+02
2.925145568847656250e+02
2.411264953613281250e+02
2.694545288085937500e+02
2.907669677734375000e+02
2.290481262207031250e+02
2.945235900878906250e+02
2.076419982910156250e+02
2.119506378173828125e+02
2.689207458496093750e+02
2.393279113769531250e+02
2.548640441894531250e+02
2.949478759765625000e+02
2.564344177246093750e+02
2.964322509765625000e+02
2.927450256347656250e+02
2.101651916503906250e+02
3.045532531738281250e+02
3.041964416503906250e+02
2.489922790527343750e+02
2.002072601318359375e+02
2.769183044433593750e+02
3.610773315429687500e+02
2.671669311523437500e+02
2.862955017089843750e+02
2.799087219238281250e+02
2.866605529785156250e+02
3.190785522460937500e+02
2.605578613281250000e+02
3.045893249511718750e+02
2.351391143798828125e+02
2.703373107910156250e+02
2.422317657470703125e+02
2.204171600341796875e+02
2.327490234375000000e+02
2.114469299316406250e+02
2.362305145263671875e+02
2.875575256347656250e+02
3.092984924316406250e+02
2.621187438964843750e+02
2.419817352294921875e+02
2.172178497314453125e+02
2.604205322265625000e+02
2.617719116210937500e+02
2.552044372558593750e+02
2.293663787841796875e+02
2.450967102050781250e+02
2.907500305175781250e+02
2.422165985107421875e+02
2.563835144042968750e+02
2.476617889404296875e+02
2.962146911621093750e+02
2.000806579589843750e+02
2.344656219482421875e+02
2.885120239257812500e+02
3.201290283203125000e+02
2.703616333007812500e+02
2.069059600830078125e+02
2.351822204589843750e+02
2.238736114501953125e+02
1.980443725585937500e+02
2.720937500000000000e+02
2.413485870361328125e+02
2.287185516357421875e+02
2.672528381347656250e+02
2.064026336669921875e+02
2.843207397460937500e+02
2.122499084472656250e+02
3.155097656250000000e+02
2.355525207519531250e+02
2.170322265625000000e+02
2.460610351562500000e+02
2.025170440673828125e+02
2.279591979980468750e+02
2.160502166748046875e+02
2.877073364257812500e+02
2.267021484375000000e+02
2.209500427246093750e+02
1.925153656005859375e+02
2.193692626953125000e+02
2.540404052734375000e+02
3.080024414062500000e+02
2.119515075683593750e+02
2.635125122070312500e+02
2.695869140625000000e+02
1.963294219970703125e+02
2.120760192871093750e+02
2.589942016601562500e+02
2.579742431640625000e+02
2.228557434082031250e+02
2.630128173828125000e+02
2.683695068359375000e+02
2.181902618408203125e+02
2.338378448486328125e+02
2.578126220703125000e+02
2.469452667236328125e+02
2.448794403076171875e+02
2.611588134765625000e+02
2.670471801757812500e+02
2.289322052001953125e+02
2.259236755371093750e+02
2.596296997070312500e+02
2.593395080566406250e+02
2.327724914550781250e+02
2.126316833496093750e+02
2.389991455078125000e+02
2.031713104248046875e+02
2.405674591064453125e+02
2.222100830078125000e+02
2.379894714355468750e+02
2.272441406250000000e+02
2.085293273925781250e+02
2.571230163574218750e+02
2.237717742919921875e+02
2.476288757324218750e+02
2.474833221435546875e+02
2.411721649169921875e+02
2.553906250000000000e+02
2.559476623535156250e+02
2.264527587890625000e+02
2.429132537841796875e+02
2.303958435058593750e+02
2.651460266113281250e+02
2.551783905029296875e+02
2.336161651611328125e+02
2.451595458984375000e+02
2.687237243652343750e+02
2.476346740722656250e+02
2.380496368408203125e+02
2.380483398437500000e+02
2.676403198242187500e+02
2.407230682373046875e+02
3.045167846679687500e+02
3.089177551269531250e+02
2.299402313232421875e+02
2.265689239501953125e+02
3.335748901367187500e+02
2.618788452148437500e+02
2.456290283203125000e+02
2.329265136718750000e+02
2.397961120605468750e+02
2.455132598876953125e+02
2.513669128417968750e+02
2.980194702148437500e+02
2.157098693847656250e+02
2.510157470703125000e+02
2.313038635253906250e+02
2.340129699707031250e+02
2.948880920410156250e+02
2.323035430908203125e+02
2.515819854736328125e+02
2.770952758789062500e+02
2.509879455566406250e+02
2.412491149902343750e+02
2.284517364501953125e+02
2.376293945312500000e+02
2.810042114257812500e+02
2.252785949707031250e+02
2.551589660644531250e+02
2.959454650878906250e+02
2.582332153320312500e+02
3.271437072753906250e+02
2.619058837890625000e+02
2.314239959716796875e+02
2.282028350830078125e+02
2.545375671386718750e+02
2.645792236328125000e+02
2.425565643310546875e+02
2.047109527587890625e+02
1.897482299804687500e+02
2.677265319824218750e+02
2.180019836425781250e+02
2.293874969482421875e+02
2.026199035644531250e+02
2.376842346191406250e+02
2.945149230957031250e+02
2.567008972167968750e+02
2.185311584472656250e+02
2.302206268310546875e+02
2.602617797851562500e+02
2.351311492919921875e+02
2.257271728515625000e+02
2.478088378906250000e+02
2.439836120605468750e+02
2.456473693847656250e+02
2.697920532226562500e+02
2.609142150878906250e+02
2.430616149902343750e+02
2.370030517578125000e+02
2.318772430419921875e+02
2.596872558593750000e+02
2.279215087890625000e+02
2.210256347656250000e+02
2.512423095703125000e+02
2.357174835205078125e+02
2.142796630859375000e+02
2.308695068359375000e+02
2.682721557617187500e+02
2.092452850341796875e+02
2.234392852783203125e+02
4.044013671875000000e+02
2.182226562500000000e+02
2.304785156250000000e+02
2.527236022949218750e+02
2.505552673339843750e+02
2.238054656982421875e+02
2.039261322021484375e+02
2.625298461914062500e+02
2.549906921386718750e+02
2.652587585449218750e+02
2.688302001953125000e+02
2.262778320312500000e+02
2.888427124023437500e+02
2.156933593750000000e+02
4.116492309570312500e+02
3.190491333007812500e+02
2.834476928710937500e+02
3.729343872070312500e+02
2.187624969482421875e+02
2.181007995605468750e+02
2.490635223388671875e+02
3.285404663085937500e+02
1.792337646484375000e+02
2.245459289550781250e+02
2.958852233886718750e+02
2.787465515136718750e+02
1.807121887207031250e+02
2.303695526123046875e+02
2.126116027832031250e+02
1.843502502441406250e+02
3.337452392578125000e+02
2.379525451660156250e+02
1.754472351074218750e+02
2.249110870361328125e+02
3.342058715820312500e+02
3.030643310546875000e+02
2.337457733154296875e+02
1.682344207763671875e+02
1.719311828613281250e+02
2.598676147460937500e+02
2.031013183593750000e+02
2.690763549804687500e+02
1.969238739013671875e+02
1.808016967773437500e+02
3.242684020996093750e+02
1.741798858642578125e+02
2.898897705078125000e+02
3.226405944824218750e+02
2.988166503906250000e+02
3.166477050781250000e+02
2.623685913085937500e+02
2.958395080566406250e+02
3.869279174804687500e+02
2.276485595703125000e+02
2.010392761230468750e+02
1.583842010498046875e+02
4.027530822753906250e+02
1.957080993652343750e+02
3.047030639648437500e+02
2.402537536621093750e+02
2.366424865722656250e+02
1.612367401123046875e+02
1.608884582519531250e+02
2.704606323242187500e+02
2.847516479492187500e+02
2.133812561035156250e+02
2.738684692382812500e+02
2.324789276123046875e+02
2.537336730957031250e+02
1.406826019287109375e+02
1.669709472656250000e+02
2.048119659423828125e+02
1.905078277587890625e+02
2.494084472656250000e+02
2.510013122558593750e+02
2.879427185058593750e+02
3.029686584472656250e+02
2.125368347167968750e+02
2.464627990722656250e+02
2.856249389648437500e+02
2.332391357421875000e+02
2.390601348876953125e+02
2.383396911621093750e+02
2.340778503417968750e+02
2.721575317382812500e+02
2.132373046875000000e+02
2.227453155517578125e+02
2.419899444580078125e+02
2.941074523925781250e+02
2.714490661621093750e+02
2.026924285888671875e+02
4.718964233398437500e+02
2.643144531250000000e+02
2.290285339355468750e+02
2.685852661132812500e+02
3.278927307128906250e+02
2.238479309082031250e+02
2.485568389892578125e+02
2.775903015136718750e+02
2.718283691406250000e+02
2.755348510742187500e+02
3.159398803710937500e+02
2.937496643066406250e+02
2.598460083007812500e+02
2.735887756347656250e+02
2.459512023925781250e+02
2.655397338867187500e+02
2.353279571533203125e+02
2.391711883544921875e+02
2.585246276855468750e+02
2.779932250976562500e+02
2.558778076171875000e+02
2.480569610595703125e+02
2.550187683105468750e+02
2.711004333496093750e+02
2.567019653320312500e+02
2.266173553466796875e+02
2.468035583496093750e+02
2.117182922363281250e+02
2.665587463378906250e+02
2.157207946777343750e+02
2.339038543701171875e+02
2.847352294921875000e+02
2.207520751953125000e+02
2.138468933105468750e+02
2.222707977294921875e+02
2.266221923828125000e+02
2.736069335937500000e+02
2.318747253417968750e+02
2.475255584716796875e+02
2.113763885498046875e+02
2.446489715576171875e+02
2.309435729980468750e+02
2.515469970703125000e+02
2.704236450195312500e+02
2.256177520751953125e+02
3.018596801757812500e+02
2.281088562011718750e+02
2.478122253417968750e+02
2.576250610351562500e+02
2.767262268066406250e+02
2.291319122314453125e+02
2.547174835205078125e+02
2.242798309326171875e+02
2.105484619140625000e+02
2.278525390625000000e+02
2.383312530517578125e+02
2.446800994873046875e+02
2.153069610595703125e+02
2.324030456542968750e+02
2.265353088378906250e+02
2.491494598388671875e+02
1.773861694335937500e+02
2.461029815673828125e+02
2.256598815917968750e+02
2.619054565429687500e+02
1.948949890136718750e+02
1.989235992431640625e+02
2.223043212890625000e+02
1.193366470336914062e+02
2.787601623535156250e+02
2.735059204101562500e+02
2.166380920410156250e+02
1.843220672607421875e+02
1.627831726074218750e+02
2.713209533691406250e+02
2.226597595214843750e+02
2.297637023925781250e+02
2.906827697753906250e+02
3.287217712402343750e+02
2.464234619140625000e+02
2.538667755126953125e+02
3.100922546386718750e+02
2.987072143554687500e+02
2.790242919921875000e+02
2.039212036132812500e+02
2.381434020996093750e+02
2.904812011718750000e+02
3.542361145019531250e+02
2.016615295410156250e+02
2.509300994873046875e+02
1.343660583496093750e+02
3.152589111328125000e+02
2.632353210449218750e+02
2.230712890625000000e+02
2.377143554687500000e+02
1.987897338867187500e+02
2.838578186035156250e+02
3.993557128906250000e+02
1.482658996582031250e+02
1.475012512207031250e+02
2.226684570312500000e+02
2.495022735595703125e+02
1.583375549316406250e+02
2.752525024414062500e+02
2.493801727294921875e+02
2.036011657714843750e+02
2.764437866210937500e+02
3.136200561523437500e+02
3.124618225097656250e+02
1.627990570068359375e+02
1.847671966552734375e+02
2.302973327636718750e+02
2.022388763427734375e+02
1.134123306274414062e+02
1.875830535888671875e+02
1.925011901855468750e+02
1.251149291992187500e+02
1.803887634277343750e+02
2.204499969482421875e+02
1.698231658935546875e+02
2.997947998046875000e+02
1.537673645019531250e+02
1.870531005859375000e+02
1.630134887695312500e+02
1.041035919189453125e+02
1.711482849121093750e+02
1.872519836425781250e+02
1.463703460693359375e+02
1.091623992919921875e+02
2.204940185546875000e+02
2.429887237548828125e+02
2.048395080566406250e+02
8.686827087402343750e+01
1.456578674316406250e+02
3.249666137695312500e+02
2.554926452636718750e+02
1.275367584228515625e+02
1.402556915283203125e+02
2.483974914550781250e+02
2.383431854248046875e+02
3.332786254882812500e+02
2.430831604003906250e+02
4.143707580566406250e+02
3.182607727050781250e+02
3.205484313964843750e+02
1.234555206298828125e+02
2.572449340820312500e+02
2.466328125000000000e+02
2.153014678955078125e+02
1.434563598632812500e+02
1.616831359863281250e+02
1.996669616699218750e+02
2.506219940185546875e+02
1.605317687988281250e+02
1.978761901855468750e+02
1.677793273925781250e+02
3.321947326660156250e+02
2.151741638183593750e+02
3.985679626464843750e+02
1.988779754638671875e+02
1.823190002441406250e+02
3.263415527343750000e+02
2.009835357666015625e+02
1.228267822265625000e+02
2.168466491699218750e+02
3.727109069824218750e+02
2.600314331054687500e+02
2.369325714111328125e+02
1.806083984375000000e+02
2.123419647216796875e+02
3.343674316406250000e+02
3.298337402343750000e+02
2.665079956054687500e+02
1.702806854248046875e+02
2.202547302246093750e+02
3.428063354492187500e+02
3.951725463867187500e+02
1.658111877441406250e+02
4.010224914550781250e+02
2.166604309082031250e+02
4.230822753906250000e+02
3.272227478027343750e+02
2.996632995605468750e+02
2.688079223632812500e+02
2.247528533935546875e+02
2.784911193847656250e+02
1.904973449707031250e+02
2.706288757324218750e+02
2.968102416992187500e+02
1.916680603027343750e+02
2.679143981933593750e+02
2.758437805175781250e+02
2.407891845703125000e+02
2.930435180664062500e+02
2.337574768066406250e+02
4.116434020996093750e+02
2.912622680664062500e+02
3.549071350097656250e+02
3.134754028320312500e+02
2.763394470214843750e+02
2.611751403808593750e+02
2.131570739746093750e+02
1.623370056152343750e+02
2.053422393798828125e+02
2.850559692382812500e+02
2.584161987304687500e+02
2.956083068847656250e+02
2.183437957763671875e+02
2.884497680664062500e+02
3.490293884277343750e+02
2.620207214355468750e+02
2.438111877441406250e+02
2.595504455566406250e+02
3.029487304687500000e+02
2.571516723632812500e+02
3.304089050292968750e+02
2.829491577148437500e+02
2.544211120605468750e+02
2.795644226074218750e+02
2.291181945800781250e+02
1.861029968261718750e+02
2.323120117187500000e+02
2.575247192382812500e+02
2.694342041015625000e+02
2.006010437011718750e+02
2.868657531738281250e+02
1.191853408813476562e+02
2.615148620605468750e+02
2.455643768310546875e+02
1.975449523925781250e+02
2.408233184814453125e+02
2.524942169189453125e+02
2.063730468750000000e+02
2.961784973144531250e+02
1.769621124267578125e+02
2.846338806152343750e+02
1.609214172363281250e+02
2.019166412353515625e+02
2.365420837402343750e+02
2.410526428222656250e+02
1.423700866699218750e+02
3.225670166015625000e+02
3.075455322265625000e+02
3.052190246582031250e+02
2.014611053466796875e+02
3.289303588867187500e+02
2.411349182128906250e+02
3.017352905273437500e+02
2.604706420898437500e+02
1.576477508544921875e+02
3.116268920898437500e+02
2.975299377441406250e+02
2.587032165527343750e+02
2.460239715576171875e+02
2.623412475585937500e+02
2.648290405273437500e+02
2.670125122070312500e+02
2.464026641845703125e+02
2.632425842285156250e+02
2.501757049560546875e+02
2.641603088378906250e+02
2.935674438476562500e+02
2.538151855468750000e+02
2.582606506347656250e+02
1.898041076660156250e+02
1.063751983642578125e+02
2.703332824707031250e+02
2.993404541015625000e+02
1.761683044433593750e+02
2.989130554199218750e+02
2.252024688720703125e+02
1.709446105957031250e+02
1.876460723876953125e+02
1.993037414550781250e+02
1.500455627441406250e+02
1.460986633300781250e+02
1.745555114746093750e+02
1.189497070312500000e+02
1.108045196533203125e+02
9.439731597900390625e+01
2.046180572509765625e+02
2.066895446777343750e+02
3.904871520996093750e+02
2.743772583007812500e+02
2.096813049316406250e+02
1.656537170410156250e+02
2.683077697753906250e+02
1.967793426513671875e+02
1.176628799438476562e+02
1.738386993408203125e+02
1.467789611816406250e+02
1.887376403808593750e+02
1.055319824218750000e+02
1.154863662719726562e+02
1.013516387939453125e+02
1.757676544189453125e+02
3.175776977539062500e+02
1.948967742919921875e+02
2.247237243652343750e+02
1.375805206298828125e+02
1.199567718505859375e+02
1.900310821533203125e+02
1.038206024169921875e+02
1.397351379394531250e+02
1.250786743164062500e+02
1.753334045410156250e+02
2.661113281250000000e+02
1.004577331542968750e+02
1.471953430175781250e+02
1.864509429931640625e+02
2.165467224121093750e+02
9.566650390625000000e+01
2.144159851074218750e+02
1.250019912719726562e+02
3.606014709472656250e+02
1.625727844238281250e+02
1.087510833740234375e+02
8.865116882324218750e+01
1.486119537353515625e+02
2.279792938232421875e+02
1.631895446777343750e+02
7.532570648193359375e+01
2.648971862792968750e+02
2.252868194580078125e+02
2.312131652832031250e+02
2.855074157714843750e+02
1.623820495605468750e+02
1.969663391113281250e+02
2.512385711669921875e+02
2.063957214355468750e+02
2.253611297607421875e+02
4.066001892089843750e+02
3.218885803222656250e+02
1.998976135253906250e+02
1.814430694580078125e+02
2.417772216796875000e+02
2.095722656250000000e+02
2.935751342773437500e+02
1.829378967285156250e+02
2.787877807617187500e+02
2.104561309814453125e+02
1.676097717285156250e+02
1.899835815429687500e+02
1.987149963378906250e+02
1.892021789550781250e+02
1.938204650878906250e+02
1.855563659667968750e+02
2.708424377441406250e+02
1.857771759033203125e+02
2.463088378906250000e+02
1.872043762207031250e+02
3.758267211914062500e+02
1.707145690917968750e+02
2.863460388183593750e+02
2.209404754638671875e+02
2.035701904296875000e+02
1.891130981445312500e+02
1.848603515625000000e+02
1.093675994873046875e+02
9.604986572265625000e+01
1.121440200805664062e+02
1.062141113281250000e+02
2.158136901855468750e+02
3.174241943359375000e+02
1.076042861938476562e+02
2.135942077636718750e+02
2.082740783691406250e+02
2.224760284423828125e+02
9.949244689941406250e+01
2.016045684814453125e+02
2.553354034423828125e+02
9.778227233886718750e+01
9.646257019042968750e+01
1.400528106689453125e+02
1.257763519287109375e+02
1.281639099121093750e+02
1.156188201904296875e+02
9.625308990478515625e+01
1.322913970947265625e+02
8.013741302490234375e+01
3.653964233398437500e+02
3.005475158691406250e+02
1.466472167968750000e+02
1.549926147460937500e+02
1.022778472900390625e+02
1.868776855468750000e+02
1.355415954589843750e+02
8.381089782714843750e+01
2.537004394531250000e+02
2.500331726074218750e+02
9.281398773193359375e+01
1.873495025634765625e+02
2.366146697998046875e+02
2.628082580566406250e+02
1.739688873291015625e+02
1.265847930908203125e+02
1.427832641601562500e+02
2.221027832031250000e+02
1.143703460693359375e+02
1.264386596679687500e+02
2.467190856933593750e+02
1.240875244140625000e+02
2.117595214843750000e+02
1.624731140136718750e+02
2.082976074218750000e+02
1.562169494628906250e+02
9.985775756835937500e+01
2.973442077636718750e+02
2.827886657714843750e+02
1.159484710693359375e+02
1.494559631347656250e+02
1.356683502197265625e+02
2.228050994873046875e+02
2.370607147216796875e+02
1.813781585693359375e+02
1.979022979736328125e+02
2.043629455566406250e+02
1.786081848144531250e+02
1.373950347900390625e+02
1.169597549438476562e+02
2.208505096435546875e+02
2.577363891601562500e+02
8.685564422607421875e+01
9.360114288330078125e+01
1.361786041259765625e+02
1.459081115722656250e+02
1.515976257324218750e+02
1.359630737304687500e+02
1.234423065185546875e+02
2.614540405273437500e+02
2.550518035888671875e+02
1.561341857910156250e+02
2.763032836914062500e+02
1.604605712890625000e+02
1.872148132324218750e+02
7.148511505126953125e+01
1.458354949951171875e+02
1.250945587158203125e+02
2.543738708496093750e+02
2.848737487792968750e+02
1.351981658935546875e+02
1.400641937255859375e+02
7.448000335693359375e+01
2.242182159423828125e+02
1.782074890136718750e+02
1.857460632324218750e+02
1.754145812988281250e+02
2.854789428710937500e+02
2.283094024658203125e+02
1.390453186035156250e+02
1.330317993164062500e+02
1.524689025878906250e+02
1.913448028564453125e+02
8.612187194824218750e+01
8.308647918701171875e+01
1.973030548095703125e+02
1.731232452392578125e+02
1.251946029663085938e+02
1.209598999023437500e+02
1.264946289062500000e+02
2.240122375488281250e+02
1.803858337402343750e+02
1.349861297607421875e+02
1.800719299316406250e+02
2.641043090820312500e+02
1.970176086425781250e+02
1.435922393798828125e+02
1.919818725585937500e+02
1.649234466552734375e+02
1.026501007080078125e+02
2.014417266845703125e+02
2.715515747070312500e+02
1.269456176757812500e+02
2.844352416992187500e+02
8.039030456542968750e+01
1.072054061889648438e+02
2.227060852050781250e+02
1.341432647705078125e+02
1.500674896240234375e+02
2.182197570800781250e+02
9.945579528808593750e+01
2.174953918457031250e+02
1.231767578125000000e+02
1.280387725830078125e+02
1.163349151611328125e+02
2.661831054687500000e+02
7.897166442871093750e+01
1.103754730224609375e+02
1.263045425415039062e+02
1.572155609130859375e+02
2.762227172851562500e+02
8.914292144775390625e+01
1.708845672607421875e+02
2.140996398925781250e+02
2.915022583007812500e+02
2.795145263671875000e+02
1.886654357910156250e+02
1.852009887695312500e+02
5.324212646484375000e+02
3.206819763183593750e+02
2.548762512207031250e+02
2.936071472167968750e+02
1.672034912109375000e+02
2.170302734375000000e+02
3.256466064453125000e+02
1.160229492187500000e+02
6.749348449707031250e+01
6.741136169433593750e+01
2.240955352783203125e+02
2.996585388183593750e+02
2.126494598388671875e+02
1.698197631835937500e+02
1.576131134033203125e+02
1.192861480712890625e+02
8.670883941650390625e+01
2.162295227050781250e+02
1.754952697753906250e+02
2.549347229003906250e+02
2.017545776367187500e+02
1.933532714843750000e+02
2.327376251220703125e+02
9.897541046142578125e+01
1.602469177246093750e+02
1.338274841308593750e+02
1.118610382080078125e+02
1.453504333496093750e+02
2.583230590820312500e+02
2.061858673095703125e+02
2.769016723632812500e+02
2.608636474609375000e+02
2.214163818359375000e+02
1.432922515869140625e+02
1.243277435302734375e+02
9.335508728027343750e+01
1.400919342041015625e+02
1.684776458740234375e+02
1.188083724975585938e+02
8.252545928955078125e+01
7.593614196777343750e+01
6.339667892456054688e+01
6.705235290527343750e+01
1.317717285156250000e+02
1.455024414062500000e+02
1.476054992675781250e+02
1.366473083496093750e+02
2.252353973388671875e+02
2.198910827636718750e+02
1.825236663818359375e+02
2.152036895751953125e+02
1.349630126953125000e+02
1.909507141113281250e+02
1.484319305419921875e+02
1.449150695800781250e+02
2.196923828125000000e+02
3.282489624023437500e+02
1.203792724609375000e+02
1.477855529785156250e+02
2.073380889892578125e+02
3.023581237792968750e+02
2.366108856201171875e+02
2.571843872070312500e+02
2.474698944091796875e+02
2.383885498046875000e+02
2.488255615234375000e+02
2.289366455078125000e+02
1.853607940673828125e+02
1.988130340576171875e+02
2.432502136230468750e+02
2.775718383789062500e+02
9.487029266357421875e+01
1.774235839843750000e+02
2.462339630126953125e+02
2.474272766113281250e+02
1.894298095703125000e+02
2.597109985351562500e+02
1.820567169189453125e+02
2.133382263183593750e+02
2.180282287597656250e+02
2.445762481689453125e+02
1.866695251464843750e+02
2.176976623535156250e+02
2.570807495117187500e+02
2.748247680664062500e+02
2.159110870361328125e+02
3.279692993164062500e+02
9.907861328125000000e+01
1.615518951416015625e+02
1.104135360717773438e+02
1.633747558593750000e+02
1.362601013183593750e+02
1.624875640869140625e+02
7.246497344970703125e+01
6.564533996582031250e+01
6.811793518066406250e+01
7.315818023681640625e+01
3.951575469970703125e+01
4.488780975341796875e+01
5.575850677490234375e+01
3.653944778442382812e+01
4.207040786743164062e+01
4.615140151977539062e+01
4.565895080566406250e+01
4.160047149658203125e+01
5.849849700927734375e+01
7.296429443359375000e+01
5.436260986328125000e+01
4.591978836059570312e+01
1.505009918212890625e+02
1.202229766845703125e+02
9.064233398437500000e+01
1.328929443359375000e+02
1.400213623046875000e+02
2.317689208984375000e+02
2.190586242675781250e+02
2.029352874755859375e+02
2.473173522949218750e+02
2.069932098388671875e+02
2.138548583984375000e+02
1.837243957519531250e+02
1.970949249267578125e+02
2.367657165527343750e+02
2.398873748779296875e+02
2.236726837158203125e+02
2.094345703125000000e+02
1.930219421386718750e+02
2.487393493652343750e+02
2.384206848144531250e+02
2.900777893066406250e+02
2.445550994873046875e+02
2.214560089111328125e+02
2.502602844238281250e+02
2.697232971191406250e+02
2.226682434082031250e+02
2.620830688476562500e+02
2.451489715576171875e+02
2.463942108154296875e+02
2.521847381591796875e+02
2.661439208984375000e+02
2.671848754882812500e+02
2.271761779785156250e+02
3.027067565917968750e+02
2.863646545410156250e+02
2.845065307617187500e+02
2.182043762207031250e+02
2.733033447265625000e+02
2.574130249023437500e+02
2.877418823242187500e+02
3.192366333007812500e+02
2.231726837158203125e+02
2.596240844726562500e+02
2.207461395263671875e+02
2.455667724609375000e+02
2.968040161132812500e+02
3.181382446289062500e+02
2.537173309326171875e+02
2.527468566894531250e+02
2.534961700439453125e+02
2.415181427001953125e+02
2.363805847167968750e+02
2.522119140625000000e+02
2.667424926757812500e+02
2.853883056640625000e+02
1.962388153076171875e+02
2.053222961425781250e+02
2.644713745117187500e+02
2.940037231445312500e+02
2.451374053955078125e+02
2.729704589843750000e+02
2.521241760253906250e+02
2.737144165039062500e+02
2.821608886718750000e+02
2.126292419433593750e+02
2.400854034423828125e+02
2.461168212890625000e+02
2.720923461914062500e+02
2.447438049316406250e+02
1.683804931640625000e+02
2.265863037109375000e+02
2.122332763671875000e+02
2.303312988281250000e+02
1.601390075683593750e+02
1.346728057861328125e+02
1.595717620849609375e+02
2.652058410644531250e+02
1.375654602050781250e+02
1.534458618164062500e+02
2.755471801757812500e+02
2.305783691406250000e+02
2.242005920410156250e+02
1.644039916992187500e+02
2.431913299560546875e+02
8.877376556396484375e+01
1.546314697265625000e+02
1.596702117919921875e+02
1.768204650878906250e+02
6.861012268066406250e+01
1.442479553222656250e+02
8.170808410644531250e+01
2.594916381835937500e+02
1.486459045410156250e+02
2.480502014160156250e+02
2.243518981933593750e+02
2.371264648437500000e+02
2.283115234375000000e+02
2.153142852783203125e+02
1.293470001220703125e+02
6.680791473388671875e+01
1.002531890869140625e+02
9.788003540039062500e+01
1.046525268554687500e+02
1.022348632812500000e+02
9.924111175537109375e+01
8.044459533691406250e+01
8.398930358886718750e+01
7.830069732666015625e+01
1.095037460327148438e+02
8.097656250000000000e+01
8.192175292968750000e+01
9.177055358886718750e+01
1.041955566406250000e+02
2.027128295898437500e+02
9.380558013916015625e+01
1.295721130371093750e+02
1.310823822021484375e+02
1.114286346435546875e+02
2.440196533203125000e+02
1.255608291625976562e+02
1.587611541748046875e+02
9.174482727050781250e+01
1.190889663696289062e+02
2.068965301513671875e+02
9.797364807128906250e+01
1.148437500000000000e+02
1.122943496704101562e+02
1.511146697998046875e+02
9.043013763427734375e+01
1.719924774169921875e+02
9.076408386230468750e+01
1.099535675048828125e+02
8.710459899902343750e+01
1.045629425048828125e+02
7.379611968994140625e+01
8.950367736816406250e+01
1.160441741943359375e+02
6.122600555419921875e+01
1.112287368774414062e+02
1.177907485961914062e+02
2.840853576660156250e+02
1.408688964843750000e+02
1.828183746337890625e+02
2.139315490722656250e+02
7.825954437255859375e+01
1.858524475097656250e+02
1.070471420288085938e+02
1.494959716796875000e+02
1.394581298828125000e+02
5.998816680908203125e+01
1.491808776855468750e+02
1.249598617553710938e+02
1.125476303100585938e+02
6.252754592895507812e+01
2.729342651367187500e+02
1.281673126220703125e+02
1.136708374023437500e+02
6.285153198242187500e+01
2.711112670898437500e+02
1.214361572265625000e+02
3.426904907226562500e+02
2.783854980468750000e+02
2.500889434814453125e+02
2.512512207031250000e+02
3.254039916992187500e+02
2.547185974121093750e+02
1.309260711669921875e+02
2.422348632812500000e+02
2.678870239257812500e+02
1.460164794921875000e+02
1.206283416748046875e+02
2.850707397460937500e+02
1.159877700805664062e+02
1.567323913574218750e+02
1.352134704589843750e+02
1.289250946044921875e+02
1.807864379882812500e+02
1.230351181030273438e+02
7.644414520263671875e+01
1.222550811767578125e+02
6.360090255737304688e+01
3.909546508789062500e+02
1.388583984375000000e+02
9.904373931884765625e+01
1.510950012207031250e+02
2.505684356689453125e+02
2.765907897949218750e+02
1.685445098876953125e+02
9.293522644042968750e+01
2.671126098632812500e+02
2.279964599609375000e+02
1.899792785644531250e+02
2.938258056640625000e+02
2.659036560058593750e+02
2.844102783203125000e+02
1.036824951171875000e+02
2.712811584472656250e+02
3.009647521972656250e+02
2.002137145996093750e+02
4.192978515625000000e+02
2.595331420898437500e+02
1.980862731933593750e+02
1.701706237792968750e+02
6.409426116943359375e+01
3.103843383789062500e+02
1.595534973144531250e+02
2.019081726074218750e+02
2.126641845703125000e+02
1.223172760009765625e+02
4.190314331054687500e+02
2.782682495117187500e+02
2.718731079101562500e+02
2.412038879394531250e+02
1.223906860351562500e+02
2.561568603515625000e+02
1.432751312255859375e+02
2.574488220214843750e+02
1.901232604980468750e+02
2.388690948486328125e+02
1.237641983032226562e+02
2.444869384765625000e+02
1.986411437988281250e+02
2.392341766357421875e+02
1.631734313964843750e+02
2.604260559082031250e+02
2.597248840332031250e+02
1.997073059082031250e+02
1.604472351074218750e+02
2.908554992675781250e+02
1.492915191650390625e+02
1.075910186767578125e+02
1.470100402832031250e+02
7.040437316894531250e+01
6.644660949707031250e+01
7.044640350341796875e+01
7.913425445556640625e+01
1.458844757080078125e+02
1.564744873046875000e+02
1.818403320312500000e+02
1.145869522094726562e+02
6.613026428222656250e+01
9.205942535400390625e+01
6.457066345214843750e+01
9.027848815917968750e+01
7.557128143310546875e+01
7.614263916015625000e+01
1.297038421630859375e+02
6.790177917480468750e+01
8.059199523925781250e+01
8.821238708496093750e+01
1.896477508544921875e+02
1.244531478881835938e+02
7.063702392578125000e+01
1.647193756103515625e+02
1.908011779785156250e+02
6.249862670898437500e+01
9.920411682128906250e+01
6.751405334472656250e+01
1.528639373779296875e+02
1.223827972412109375e+02
2.027738342285156250e+02
5.995081329345703125e+01
6.201943206787109375e+01
1.358027954101562500e+02
9.318768310546875000e+01
6.635837554931640625e+01
8.382005310058593750e+01
7.064335632324218750e+01
8.444723510742187500e+01
8.664540863037109375e+01
8.366414642333984375e+01
6.179235839843750000e+01
8.214181518554687500e+01
7.000351715087890625e+01
1.409282226562500000e+02
1.033432006835937500e+02
6.132938766479492188e+01
7.541020202636718750e+01
1.085113296508789062e+02
6.525799560546875000e+01
7.600634765625000000e+01
7.952847290039062500e+01
6.667089080810546875e+01
6.815499877929687500e+01
1.740665893554687500e+02
7.005253601074218750e+01
9.958000946044921875e+01
8.313845825195312500e+01
9.934336853027343750e+01
2.018280639648437500e+02
1.854233856201171875e+02
9.956126403808593750e+01
1.108751602172851562e+02
1.966200103759765625e+02
1.444297790527343750e+02
1.425502166748046875e+02
1.080291748046875000e+02
7.933020019531250000e+01
2.026503753662109375e+02
9.749391174316406250e+01
4.304912185668945312e+01
6.644856262207031250e+01
4.620301055908203125e+01
4.495859527587890625e+01
1.098600692749023438e+02
5.443763351440429688e+01
4.679325485229492188e+01
3.241895294189453125e+01
6.526902770996093750e+01
5.347692871093750000e+01
6.465522766113281250e+01
1.002691192626953125e+02
3.665709686279296875e+01
2.887131690979003906e+01
9.192139434814453125e+01
1.098610839843750000e+02
1.685037841796875000e+02
2.089254455566406250e+02
2.106652526855468750e+02
2.639865112304687500e+02
2.836820678710937500e+02
2.427416229248046875e+02
3.495341796875000000e+02
3.006968383789062500e+02
3.073370361328125000e+02
2.970003356933593750e+02
2.176051788330078125e+02
2.114307556152343750e+02
2.491585998535156250e+02
2.198977508544921875e+02
2.847316284179687500e+02
2.272145996093750000e+02
2.586620788574218750e+02
2.487782287597656250e+02
2.504347229003906250e+02
1.717235260009765625e+02
2.282714538574218750e+02
2.330724639892578125e+02
2.435529479980468750e+02
2.540753936767578125e+02
2.862600708007812500e+02
2.787488098144531250e+02
2.759679565429687500e+02
2.458145294189453125e+02
2.774517517089843750e+02
2.851751403808593750e+02
2.618697509765625000e+02
2.111950225830078125e+02
1.464689178466796875e+02
6.910057830810546875e+01
6.131165695190429688e+01
6.209692382812500000e+01
5.995081329345703125e+01
1.259715957641601562e+02
6.057316970825195312e+01
7.986582946777343750e+01
1.414616699218750000e+02
8.718528747558593750e+01
2.412089385986328125e+02
1.369505310058593750e+02
6.638940429687500000e+01
2.305292053222656250e+02
1.581196136474609375e+02
1.054880142211914062e+02
1.757751312255859375e+02
2.114445037841796875e+02
2.567880554199218750e+02
1.696363830566406250e+02
8.310680389404296875e+01
1.053932037353515625e+02
7.072575378417968750e+01
7.654882812500000000e+01
5.928038406372070312e+01
7.653102874755859375e+01
1.602769775390625000e+02
7.544625854492187500e+01
9.490907287597656250e+01
1.289096527099609375e+02
8.697297668457031250e+01
1.142069244384765625e+02
6.401705169677734375e+01
1.304122467041015625e+02
6.107703781127929688e+01
6.078436279296875000e+01
8.370633697509765625e+01
1.977656555175781250e+02
1.009275665283203125e+02
8.194653320312500000e+01
9.731153869628906250e+01
1.382872619628906250e+02
7.571701049804687500e+01
8.116810607910156250e+01
8.847618103027343750e+01
8.230049133300781250e+01
5.935900115966796875e+01
5.995081329345703125e+01
1.050594253540039062e+02
2.692456970214843750e+02
1.257694320678710938e+02
1.199384613037109375e+02
7.727730560302734375e+01
8.492610168457031250e+01
6.853116607666015625e+01
8.578749084472656250e+01
1.032077484130859375e+02
6.408629608154296875e+01
1.576699981689453125e+02
9.999486541748046875e+01
8.258125305175781250e+01
8.840344238281250000e+01
1.044989624023437500e+02
1.409185485839843750e+02
8.259191131591796875e+01
9.522424316406250000e+01
7.480261230468750000e+01
6.406743621826171875e+01
5.995081329345703125e+01
8.014798736572265625e+01
6.207852172851562500e+01
9.809777832031250000e+01
6.272998046875000000e+01
6.426712799072265625e+01
1.250892105102539062e+02
1.013410186767578125e+02
6.684976959228515625e+01
6.073757934570312500e+01
6.549158477783203125e+01
6.227133178710937500e+01
1.589690399169921875e+02
6.886016845703125000e+01
1.389251708984375000e+02
7.266643524169921875e+01
7.413459014892578125e+01
1.728068542480468750e+02
1.621411132812500000e+02
2.117250061035156250e+02
1.628868255615234375e+02
2.052683868408203125e+02
1.778535156250000000e+02
9.805184936523437500e+01
7.294435882568359375e+01
9.580723571777343750e+01
7.799147033691406250e+01
1.174607086181640625e+02
6.302928924560546875e+01
6.189643478393554688e+01
7.751515960693359375e+01
7.688005828857421875e+01
1.169886093139648438e+02
1.067709503173828125e+02
7.493528747558593750e+01
6.500483703613281250e+01
5.995081329345703125e+01
8.037660217285156250e+01
6.683106994628906250e+01
6.136637496948242188e+01
5.928038406372070312e+01
7.069099426269531250e+01
1.135909576416015625e+02
8.040577697753906250e+01
6.488587951660156250e+01
9.111288452148437500e+01
5.995081329345703125e+01
7.719416809082031250e+01
6.073757934570312500e+01
5.995081329345703125e+01
8.960459136962890625e+01
7.417712402343750000e+01
6.663253784179687500e+01
5.995081329345703125e+01
6.421498870849609375e+01
6.203717041015625000e+01
5.919046020507812500e+01
7.338191986083984375e+01
1.235150909423828125e+02
1.707810363769531250e+02
2.371324462890625000e+02
2.337649841308593750e+02
1.327526550292968750e+02
8.255877685546875000e+01
1.482129516601562500e+02
1.687046661376953125e+02
1.590799255371093750e+02
1.660533752441406250e+02
9.718920135498046875e+01
9.161329650878906250e+01
1.115896835327148438e+02
6.266716766357421875e+01
6.624752807617187500e+01
7.417712402343750000e+01
8.014685058593750000e+01
6.521073913574218750e+01
6.056078338623046875e+01
6.560763549804687500e+01
7.744381713867187500e+01
1.055046157836914062e+02
6.232424163818359375e+01
1.031625366210937500e+02
5.995081329345703125e+01
6.354595947265625000e+01
5.995081329345703125e+01
5.995081329345703125e+01
1.296494140625000000e+02
5.919046020507812500e+01
1.284413146972656250e+02
1.176086044311523438e+02
8.133029937744140625e+01
5.995081329345703125e+01
7.947556304931640625e+01
7.406262969970703125e+01
5.995081329345703125e+01
5.995081329345703125e+01
7.341677093505859375e+01
5.928038406372070312e+01
1.788731689453125000e+02
9.347402954101562500e+01
8.972743988037109375e+01
6.722843933105468750e+01
7.799147033691406250e+01
1.151072006225585938e+02
6.628757476806640625e+01
8.561240386962890625e+01
7.695460510253906250e+01
9.412901306152343750e+01
1.132599334716796875e+02
6.697502136230468750e+01
6.803682708740234375e+01
5.995081329345703125e+01
6.249862670898437500e+01
7.799147033691406250e+01
5.928038406372070312e+01
8.038914489746093750e+01
1.296433258056640625e+02
8.842103576660156250e+01
8.260758972167968750e+01
9.468699645996093750e+01
1.102738494873046875e+02
5.995081329345703125e+01
9.160245513916015625e+01
1.378481597900390625e+02
5.684286499023437500e+01
5.995081329345703125e+01
6.480946350097656250e+01
1.050434112548828125e+02
8.627358245849609375e+01
8.657922363281250000e+01
6.256184768676757812e+01
6.256184768676757812e+01
6.131165313720703125e+01
1.032767486572265625e+02
5.006682586669921875e+01
5.684286499023437500e+01
8.768758392333984375e+01
5.467171478271484375e+01
6.958183288574218750e+01
7.014391326904296875e+01
5.880438995361328125e+01
5.995081329345703125e+01
1.713115539550781250e+02
1.957938690185546875e+02
6.446559143066406250e+01
1.230458755493164062e+02
1.038726425170898438e+02
3.508721160888671875e+01
5.859003829956054688e+01
7.194716644287109375e+01
3.765290069580078125e+01
4.682123565673828125e+01
5.356126785278320312e+01
6.035819244384765625e+01
5.726597976684570312e+01
2.984306907653808594e+01
2.887131690979003906e+01
3.849791717529296875e+01
3.141912841796875000e+01
3.371831512451171875e+01
6.972073364257812500e+01
3.194312095642089844e+01
3.725843429565429688e+01
3.472694396972656250e+01
3.223886871337890625e+01
3.095565223693847656e+01
3.378572845458984375e+01
2.887131690979003906e+01
4.380236053466796875e+01
4.605612564086914062e+01
6.332997894287109375e+01
1.586224060058593750e+02
1.305245361328125000e+02
4.317568206787109375e+01
2.887131690979003906e+01
3.227741622924804688e+01
2.887131690979003906e+01
2.887131690979003906e+01
3.014843368530273438e+01
3.012752342224121094e+01
3.052880859375000000e+01
3.095565223693847656e+01
3.626866912841796875e+01
3.934006500244140625e+01
3.012752342224121094e+01
4.960709381103515625e+01
4.449183654785156250e+01
3.166156005859375000e+01
2.887131690979003906e+01
4.087089157104492188e+01
3.206999969482421875e+01
1.024932708740234375e+02
4.432674789428710938e+01
3.349784088134765625e+01
8.298307037353515625e+01
3.461145782470703125e+01
1.159961776733398438e+02
2.887131690979003906e+01
4.273908615112304688e+01
6.551518249511718750e+01
6.609568023681640625e+01
1.883930969238281250e+02
2.732591857910156250e+02
2.387427215576171875e+02
2.681770324707031250e+02
1.708296813964843750e+02
1.885498352050781250e+02
9.828890228271484375e+01
2.654488525390625000e+02
2.478154754638671875e+02
4.130311203002929688e+01
8.878170013427734375e+01
4.526689529418945312e+01
2.887131690979003906e+01
7.092143249511718750e+01
7.609962463378906250e+01
1.385796508789062500e+02
9.196022033691406250e+01
1.011005477905273438e+02
9.954798889160156250e+01
6.418840026855468750e+01
6.548135375976562500e+01
1.749998474121093750e+02
6.267342376708984375e+01
1.028381195068359375e+02
7.990296936035156250e+01
6.065859222412109375e+01
5.928038406372070312e+01
5.995081329345703125e+01
5.995081329345703125e+01
7.341677093505859375e+01
9.254829406738281250e+01
1.064441070556640625e+02
1.783734588623046875e+02
2.541409912109375000e+02
1.026361694335937500e+02
2.201297302246093750e+02
6.065895843505859375e+01
6.154503173828125000e+02
1.281645812988281250e+02
1.341589660644531250e+02
6.502107238769531250e+01
6.312744903564453125e+01
5.995081329345703125e+01
1.525664978027343750e+02
1.253018417358398438e+02
1.353019714355468750e+02
1.550686035156250000e+02
6.430023193359375000e+01
2.388737335205078125e+02
8.700866699218750000e+01
7.126711273193359375e+01
9.992283630371093750e+01
1.015695724487304688e+02
5.995081329345703125e+01
5.928038406372070312e+01
6.838507843017578125e+01
6.946516418457031250e+01
9.414308166503906250e+01
5.995081329345703125e+01
6.266716766357421875e+01
6.094565963745117188e+01
5.995081329345703125e+01
8.204707336425781250e+01
1.122593231201171875e+02
6.230471801757812500e+01
6.342143630981445312e+01
1.258072128295898438e+02
7.765991210937500000e+01
1.003037338256835938e+02
6.285313034057617188e+01
9.178224182128906250e+01
6.457850646972656250e+01
5.919046020507812500e+01
1.303946075439453125e+02
1.126258697509765625e+02
2.266024169921875000e+02
1.284001159667968750e+02
1.385949859619140625e+02
1.425138397216796875e+02
5.995081329345703125e+01
5.995081329345703125e+01
9.812947082519531250e+01
5.860996246337890625e+01
5.995081329345703125e+01
9.336918640136718750e+01
5.995081329345703125e+01
3.220994567871093750e+02
1.498653259277343750e+02
2.209911193847656250e+02
8.897338867187500000e+01
8.431019592285156250e+01
8.112354278564453125e+01
1.260052490234375000e+02
6.339539718627929688e+01
6.490197753906250000e+01
6.369971847534179688e+01
7.827287292480468750e+01
5.995081329345703125e+01
5.995081329345703125e+01
5.995081329345703125e+01
6.401120758056640625e+01
6.573847961425781250e+01
5.995081329345703125e+01
1.434286193847656250e+02
7.257133483886718750e+01
5.995081329345703125e+01
7.474881744384765625e+01
6.764006042480468750e+01
6.249862670898437500e+01
5.995081329345703125e+01
5.995081329345703125e+01
6.132938766479492188e+01
5.995081329345703125e+01
6.189643478393554688e+01
6.384650802612304688e+01
1.059780731201171875e+02
6.928697204589843750e+01
7.034395599365234375e+01
7.160169982910156250e+01
6.581594085693359375e+01
5.995081329345703125e+01
6.521498107910156250e+01
6.473532104492187500e+01
6.562349700927734375e+01
7.202525329589843750e+01
1.134653930664062500e+02
7.615534973144531250e+01
1.106892471313476562e+02
7.796772766113281250e+01
6.384650802612304688e+01
5.995081329345703125e+01
1.432724304199218750e+02
6.312744903564453125e+01
9.869223785400390625e+01
6.954539489746093750e+01
5.995081329345703125e+01
1.251717300415039062e+02
7.799147033691406250e+01
5.995081329345703125e+01
6.684976959228515625e+01
1.468834075927734375e+02
9.818278503417968750e+01
5.995081329345703125e+01
6.368062591552734375e+01
7.005958557128906250e+01
5.995081329345703125e+01
1.242115631103515625e+02
6.354595947265625000e+01
8.805831146240234375e+01
6.342143630981445312e+01
6.606669616699218750e+01
6.274895095825195312e+01
8.747721862792968750e+01
5.995081329345703125e+01
5.995081329345703125e+01
5.995081329345703125e+01
5.928038406372070312e+01
1.300778198242187500e+02
5.995081329345703125e+01
6.082960891723632812e+01
1.032724838256835938e+02
6.794183349609375000e+01
8.392388916015625000e+01
8.760688781738281250e+01
5.995081329345703125e+01
7.444841766357421875e+01
7.727730560302734375e+01
1.476657562255859375e+02
1.214290390014648438e+02
5.995081329345703125e+01
9.415782165527343750e+01
5.995081329345703125e+01
6.189643478393554688e+01
6.230231475830078125e+01
7.799147033691406250e+01
7.939146423339843750e+01
2.579960937500000000e+02
1.026098785400390625e+02
6.115034866333007812e+01
7.734189605712890625e+01
6.082960891723632812e+01
5.995081329345703125e+01
6.266716766357421875e+01
6.983514404296875000e+01
1.071642684936523438e+02
8.635136413574218750e+01
6.617933654785156250e+01
6.266716766357421875e+01
5.995081329345703125e+01
7.619136047363281250e+01
6.937487030029296875e+01
6.296530151367187500e+01
5.995081329345703125e+01
1.382480163574218750e+02
5.995081329345703125e+01
1.176019668579101562e+02
6.781334686279296875e+01
1.326385040283203125e+02
6.122600173950195312e+01
5.995081329345703125e+01
1.036333618164062500e+02
5.995081329345703125e+01
9.556721496582031250e+01
8.426563262939453125e+01
1.029315414428710938e+02
9.156707763671875000e+01
5.995081329345703125e+01
6.078436279296875000e+01
7.799147033691406250e+01
7.555570220947265625e+01
1.013953094482421875e+02
5.995081329345703125e+01
5.995081329345703125e+01
1.307122344970703125e+02
1.008571624755859375e+02
5.995081329345703125e+01
9.917810058593750000e+01
8.022049713134765625e+01
5.995081329345703125e+01
9.101448059082031250e+01
5.995081329345703125e+01
6.256184768676757812e+01
5.995081329345703125e+01
5.995081329345703125e+01
6.270698928833007812e+01
5.995081329345703125e+01
5.995081329345703125e+01
1.807000885009765625e+02
1.090346832275390625e+02
6.065859222412109375e+01
6.065859222412109375e+01
1.158334960937500000e+02
3.368241271972656250e+02
2.506338195800781250e+02
1.481810913085937500e+02
6.537614440917968750e+01
9.705914306640625000e+01
6.440749359130859375e+01
6.189643478393554688e+01
6.904435729980468750e+01
5.995081329345703125e+01
6.467085266113281250e+01
7.033025360107421875e+01
5.995081329345703125e+01
7.742442321777343750e+01
5.995081329345703125e+01
5.995081329345703125e+01
7.225148010253906250e+01
5.995081329345703125e+01
5.995081329345703125e+01
1.482263183593750000e+02
5.995081329345703125e+01
8.214216613769531250e+01
5.995081329345703125e+01
1.472758026123046875e+02
1.026297454833984375e+02
5.995081329345703125e+01
1.370699310302734375e+02
6.610213470458984375e+01
5.995081329345703125e+01
9.253472900390625000e+01
6.266716766357421875e+01
1.134913787841796875e+02
7.871765899658203125e+01
1.884995117187500000e+02
5.995081329345703125e+01
1.021444396972656250e+02
5.995081329345703125e+01
6.266716766357421875e+01
1.702144012451171875e+02
5.919046020507812500e+01
9.610498809814453125e+01
5.995081329345703125e+01
6.131165313720703125e+01
6.249862670898437500e+01
5.995081329345703125e+01
5.995081329345703125e+01
6.096406936645507812e+01
9.426607513427734375e+01
6.597884368896484375e+01
6.131165313720703125e+01
6.373093414306640625e+01
1.287614135742187500e+02
1.534716491699218750e+02
9.355859375000000000e+01
7.575736999511718750e+01
2.213757629394531250e+02
9.762977600097656250e+01
7.120123291015625000e+01
5.995081329345703125e+01
9.385470581054687500e+01
5.995081329345703125e+01
5.995081329345703125e+01
1.404083099365234375e+02
7.228689575195312500e+02
6.249862670898437500e+01
3.452437744140625000e+02
5.995081329345703125e+01
5.995081329345703125e+01
6.563443756103515625e+01
5.919046020507812500e+01
5.995081329345703125e+01
5.995081329345703125e+01
2.381557617187500000e+02
5.995081329345703125e+01
9.336578369140625000e+01
5.995081329345703125e+01
9.030070495605468750e+01
6.131165313720703125e+01
1.038061523437500000e+02
2.973077087402343750e+02
5.995081329345703125e+01
9.519301605224609375e+01
5.995081329345703125e+01
5.928038406372070312e+01
6.020371627807617188e+01
7.413502502441406250e+01
7.753355407714843750e+01
5.995081329345703125e+01
5.995081329345703125e+01
5.995081329345703125e+01
5.995081329345703125e+01
5.995081329345703125e+01
6.149069213867187500e+01
6.537614440917968750e+01
8.618569183349609375e+01
5.995081329345703125e+01
6.230471038818359375e+01
9.753415679931640625e+01
5.995081329345703125e+01
1.400849914550781250e+02
2.089164733886718750e+02
6.189643478393554688e+01
5.995081329345703125e+01
2.259846649169921875e+02
2.704655761718750000e+02
1.234970245361328125e+02
1.341326599121093750e+02
6.369971847534179688e+01
5.995081329345703125e+01
5.995081329345703125e+01
1.117244110107421875e+02
1.004161605834960938e+02
5.995081329345703125e+01
6.784500885009765625e+01
2.118798065185546875e+02
2.806167602539062500e+02
2.066165466308593750e+02
9.580723571777343750e+01
9.869223785400390625e+01
9.697526550292968750e+01
1.003800506591796875e+02
9.849195098876953125e+01
1.614956054687500000e+02
1.760906066894531250e+02
2.018145294189453125e+02
2.113157196044921875e+02
9.440639495849609375e+01
6.139014434814453125e+01
1.244111328125000000e+02
5.995081329345703125e+01
5.995081329345703125e+01
5.995081329345703125e+01
5.935900115966796875e+01
6.631075286865234375e+01
2.909497070312500000e+02
3.005156250000000000e+02
1.334250183105468750e+02
9.440639495849609375e+01
2.287316131591796875e+02
9.539060974121093750e+01
5.995081329345703125e+01
1.464434814453125000e+02
3.469840393066406250e+02
5.995081329345703125e+01
9.512254333496093750e+01
1.365979309082031250e+02
1.896511535644531250e+02
8.257148742675781250e+01
2.168878479003906250e+02
2.650032043457031250e+02
5.995081329345703125e+01
1.047855987548828125e+02
6.890269470214843750e+01
2.470030517578125000e+02
6.527820587158203125e+01
8.129349517822265625e+01
1.179959716796875000e+02
1.193341217041015625e+02
5.995081329345703125e+01
1.542333831787109375e+02
5.995081329345703125e+01
5.995081329345703125e+01
5.995081329345703125e+01
5.995081329345703125e+01
2.066628417968750000e+02
1.326039733886718750e+02
2.632744750976562500e+02
5.995081329345703125e+01
5.995081329345703125e+01
1.163820571899414062e+02
1.652767028808593750e+02
1.591365509033203125e+02
9.357012939453125000e+01
5.995081329345703125e+01
1.355716247558593750e+02
1.893298797607421875e+02
1.852813720703125000e+02
7.382373046875000000e+01
1.945936279296875000e+02
5.995081329345703125e+01
2.816888122558593750e+02
2.480813293457031250e+02
2.470015563964843750e+02
7.660685729980468750e+01
9.328415679931640625e+01
1.172494049072265625e+02
8.948590087890625000e+01
5.995081329345703125e+01
6.537614440917968750e+01
6.321617507934570312e+01
6.369971847534179688e+01
1.132933959960937500e+02
8.832402038574218750e+01
5.995081329345703125e+01
5.995081329345703125e+01
1.096177978515625000e+02
6.065859222412109375e+01
5.995081329345703125e+01
1.985085906982421875e+02
2.894970397949218750e+02
1.494161682128906250e+02
1.030954132080078125e+02
6.136637496948242188e+01
5.995081329345703125e+01
6.872241210937500000e+01
7.829034423828125000e+01
6.373093414306640625e+01
5.995081329345703125e+01
7.453150939941406250e+01
5.995081329345703125e+01
5.995081329345703125e+01
5.995081329345703125e+01
1.395529174804687500e+02
